5.285818045170000000e+11	4.567945619000000000e+10	0.000000000000000000e+00
5.269412169530000000e+11	5.303992658620000000e+11	1.000000000000000000e+00
5.293789941070000000e+11	5.254845164660000000e+11	1.000000000000000000e+00
4.373913123100000000e+10	4.506873107700000000e+10	1.000000000000000000e+00
5.318845412590000000e+11	5.282652874890000000e+11	1.000000000000000000e+00
5.273318425260000000e+11	5.233883541030000000e+11	1.000000000000000000e+00
5.285346625570000000e+11	5.269794655980000000e+11	0.000000000000000000e+00
5.260080519860000000e+11	5.280002018800000000e+11	1.000000000000000000e+00
5.290197727250000000e+11	5.302613722920000000e+11	0.000000000000000000e+00
5.294181475440000000e+11	4.410523121900000000e+10	0.000000000000000000e+00
5.282349993960000000e+11	5.279848236100000000e+11	0.000000000000000000e+00
4.525642108600000000e+10	5.309763337740000000e+11	1.000000000000000000e+00
3.845317929200000000e+10	5.281347022230000000e+11	0.000000000000000000e+00
5.288491544550000000e+11	5.271073670650000000e+11	0.000000000000000000e+00
5.281187362700000000e+11	5.284397774940000000e+11	0.000000000000000000e+00
4.525645359600000000e+10	5.281109699600000000e+11	0.000000000000000000e+00
5.312007216640000000e+11	5.270940464910000000e+11	0.000000000000000000e+00
4.267310868600000000e+10	5.201350298060000000e+11	1.000000000000000000e+00
5.291228170270000000e+11	5.296764797580000000e+11	1.000000000000000000e+00
5.272093121910000000e+11	4.455698667900000000e+10	1.000000000000000000e+00
5.264456074410000000e+11	5.315001292610000000e+11	0.000000000000000000e+00
5.274372171250000000e+11	5.276545017620000000e+11	0.000000000000000000e+00
5.301981129350000000e+11	5.283801622610000000e+11	1.000000000000000000e+00
5.315316633950000000e+11	5.310372021350000000e+11	1.000000000000000000e+00
4.424031332400000000e+10	4.447513094500000000e+10	0.000000000000000000e+00
5.296650016420000000e+11	4.455829056200000000e+10	0.000000000000000000e+00
5.283002760620000000e+11	5.318575718650000000e+11	0.000000000000000000e+00
4.379804553700000000e+10	4.404141101700000000e+10	0.000000000000000000e+00
5.264013232950000000e+11	5.293381638560000000e+11	0.000000000000000000e+00
5.312161338590000000e+11	5.286035687120000000e+11	0.000000000000000000e+00
3.841840317600000000e+10	5.296228006280000000e+11	0.000000000000000000e+00
5.283847176640000000e+11	5.278278844070000000e+11	1.000000000000000000e+00
5.283300396930000000e+11	5.273630820800000000e+11	0.000000000000000000e+00
5.290946080180000000e+11	5.296039713780000000e+11	0.000000000000000000e+00
5.288827080110000000e+11	5.265144798970000000e+11	0.000000000000000000e+00
5.291386841980000000e+11	5.280472630780000000e+11	0.000000000000000000e+00
5.318440504430000000e+11	5.297514298940000000e+11	0.000000000000000000e+00
5.283857296230000000e+11	5.270954745130000000e+11	0.000000000000000000e+00
5.314862645030000000e+11	3.984444720600000000e+10	0.000000000000000000e+00
4.477801126900000000e+10	5.212705810160000000e+11	0.000000000000000000e+00
5.293411957490000000e+11	5.272972039680000000e+11	1.000000000000000000e+00
5.280058315470000000e+11	5.200645045040000000e+11	0.000000000000000000e+00
5.282340399920000000e+11	5.291284243030000000e+11	1.000000000000000000e+00
5.290616308060000000e+11	5.307158111990000000e+11	1.000000000000000000e+00
5.289694610500000000e+11	5.265747974890000000e+11	0.000000000000000000e+00
4.424598660700000000e+10	3.840344445700000000e+10	0.000000000000000000e+00
5.264635058620000000e+11	5.277068505940000000e+11	0.000000000000000000e+00
5.274434562090000000e+11	5.283847176640000000e+11	0.000000000000000000e+00
5.282679684930000000e+11	5.269180358450000000e+11	1.000000000000000000e+00
5.273343580080000000e+11	5.269180358450000000e+11	1.000000000000000000e+00
5.202472698100000000e+11	5.269399914870000000e+11	0.000000000000000000e+00
4.424437855300000000e+10	5.281095968370000000e+11	0.000000000000000000e+00
5.282489096050000000e+11	5.282264868030000000e+11	0.000000000000000000e+00
5.289384392850000000e+11	5.202732026190000000e+11	0.000000000000000000e+00
5.291107691390000000e+11	5.269399914870000000e+11	1.000000000000000000e+00
5.279924910060000000e+11	5.281824635430000000e+11	0.000000000000000000e+00
5.289886397040000000e+11	5.269180358450000000e+11	0.000000000000000000e+00
4.498939864100000000e+10	5.279400385720000000e+11	0.000000000000000000e+00
3.840723218800000000e+10	5.269180358450000000e+11	0.000000000000000000e+00
5.291087130480000000e+11	5.269399914870000000e+11	0.000000000000000000e+00
3.926038902000000000e+10	5.269180358450000000e+11	0.000000000000000000e+00
5.283263812750000000e+11	5.202732026190000000e+11	0.000000000000000000e+00
4.422279520600000000e+10	5.271588856570000000e+11	1.000000000000000000e+00
5.279245127370000000e+11	5.274426321120000000e+11	1.000000000000000000e+00
5.202472698100000000e+11	5.271082916350000000e+11	0.000000000000000000e+00
5.200029037750000000e+11	5.279400385720000000e+11	1.000000000000000000e+00
5.202472698100000000e+11	5.282470897000000000e+11	1.000000000000000000e+00
5.283314271530000000e+11	5.279400385720000000e+11	0.000000000000000000e+00
4.561225079200000000e+10	5.279322741060000000e+11	0.000000000000000000e+00
5.279078218770000000e+11	5.271751000900000000e+11	0.000000000000000000e+00
5.279245127370000000e+11	5.271761084630000000e+11	0.000000000000000000e+00
5.290026338910000000e+11	5.202732026190000000e+11	0.000000000000000000e+00
5.278600416200000000e+11	5.279322741060000000e+11	0.000000000000000000e+00
5.270691967920000000e+11	5.283847176640000000e+11	0.000000000000000000e+00
5.273493794830000000e+11	4.405003034700000000e+10	0.000000000000000000e+00
5.201350298060000000e+11	5.202732026190000000e+11	0.000000000000000000e+00
5.279078218770000000e+11	5.271761084630000000e+11	1.000000000000000000e+00
5.279451330560000000e+11	5.269180358450000000e+11	1.000000000000000000e+00
4.455698667900000000e+10	5.202732026190000000e+11	0.000000000000000000e+00
4.424437855300000000e+10	5.271499862680000000e+11	0.000000000000000000e+00
5.290738761940000000e+11	5.282470897000000000e+11	0.000000000000000000e+00
5.280424540150000000e+11	5.290961761820000000e+11	0.000000000000000000e+00
5.274430203320000000e+11	5.269399914870000000e+11	0.000000000000000000e+00
4.545507570500000000e+10	5.202732026190000000e+11	0.000000000000000000e+00
5.274434562090000000e+11	5.269399914870000000e+11	1.000000000000000000e+00
5.281765874290000000e+11	5.269180358450000000e+11	1.000000000000000000e+00
4.422279520600000000e+10	5.281824635430000000e+11	0.000000000000000000e+00
3.834540134100000000e+10	5.271751000900000000e+11	1.000000000000000000e+00
4.571932412600000000e+10	5.279400385720000000e+11	0.000000000000000000e+00
5.279984391690000000e+11	5.273854980860000000e+11	0.000000000000000000e+00
5.273476502960000000e+11	5.202732026190000000e+11	0.000000000000000000e+00
5.280424540150000000e+11	5.202732026190000000e+11	0.000000000000000000e+00
5.282339426510000000e+11	5.271638737950000000e+11	0.000000000000000000e+00
5.279973157790000000e+11	5.264000289470000000e+11	0.000000000000000000e+00
5.282212581700000000e+11	5.279400385720000000e+11	0.000000000000000000e+00
5.281741638670000000e+11	5.278986104180000000e+11	0.000000000000000000e+00
4.426254976000000000e+10	5.214693052990000000e+11	1.000000000000000000e+00
5.279322741060000000e+11	5.279322741060000000e+11	1.000000000000000000e+00
4.188581988200000000e+10	4.405003034700000000e+10	1.000000000000000000e+00
4.569866168500000000e+10	5.202732026190000000e+11	0.000000000000000000e+00
4.455717090000000000e+10	5.202732026190000000e+11	0.000000000000000000e+00
5.295290411760000000e+11	5.272143809760000000e+11	1.000000000000000000e+00
5.301914729540000000e+11	4.411066921300000000e+10	0.000000000000000000e+00
5.307823566590000000e+11	4.044988713600000000e+10	0.000000000000000000e+00
5.219989909640000000e+11	3.817216207700000000e+10	0.000000000000000000e+00
5.307651406390000000e+11	5.304686754170000000e+11	0.000000000000000000e+00
3.748078847500000000e+10	4.405003034700000000e+10	0.000000000000000000e+00
4.069723879300000000e+10	5.290535538300000000e+11	0.000000000000000000e+00
4.554045138100000000e+10	5.287407298000000000e+11	0.000000000000000000e+00
5.270802939510000000e+11	5.285699647540000000e+11	0.000000000000000000e+00
5.314546738870000000e+11	5.320938927640000000e+11	0.000000000000000000e+00
4.479443819400000000e+10	5.281447412330000000e+11	1.000000000000000000e+00
4.355825850100000000e+10	5.315813917960000000e+11	0.000000000000000000e+00
5.287773683410000000e+11	5.201333837450000000e+11	1.000000000000000000e+00
5.304714062120000000e+11	5.272600506850000000e+11	0.000000000000000000e+00
4.445211576100000000e+10	5.281596331910000000e+11	1.000000000000000000e+00
5.297269829110000000e+11	5.204189770050000000e+11	0.000000000000000000e+00
5.269487408530000000e+11	5.289449353270000000e+11	0.000000000000000000e+00
5.287361661650000000e+11	5.310716358030000000e+11	0.000000000000000000e+00
5.280739284770000000e+11	4.452797582900000000e+10	0.000000000000000000e+00
5.297783088940000000e+11	4.431002483900000000e+10	0.000000000000000000e+00
5.279861022550000000e+11	5.273148659050000000e+11	0.000000000000000000e+00
5.302763257510000000e+11	5.279465965890000000e+11	0.000000000000000000e+00
5.294062854770000000e+11	5.309475609630000000e+11	0.000000000000000000e+00
5.276125354680000000e+11	5.286497875300000000e+11	1.000000000000000000e+00
5.279978836160000000e+11	5.283785110470000000e+11	0.000000000000000000e+00
5.308553074600000000e+11	4.386411964000000000e+10	0.000000000000000000e+00
5.294441397560000000e+11	5.285718461200000000e+11	0.000000000000000000e+00
5.283920732530000000e+11	3.937445150300000000e+10	0.000000000000000000e+00
5.309839431950000000e+11	4.518512316900000000e+10	0.000000000000000000e+00
5.288849247190000000e+11	5.279780081780000000e+11	0.000000000000000000e+00
4.451529500900000000e+10	5.307454659940000000e+11	0.000000000000000000e+00
5.287747448390000000e+11	5.283599066320000000e+11	0.000000000000000000e+00
4.434116210100000000e+10	5.281490853980000000e+11	0.000000000000000000e+00
5.295401807840000000e+11	5.307855901440000000e+11	0.000000000000000000e+00
4.469446566000000000e+10	5.260287689450000000e+11	0.000000000000000000e+00
5.279922464060000000e+11	5.316113944370000000e+11	1.000000000000000000e+00
5.210856596400000000e+11	5.269966960810000000e+11	0.000000000000000000e+00
5.283650557560000000e+11	5.279973157790000000e+11	0.000000000000000000e+00
5.281253205440000000e+11	5.205361788200000000e+11	1.000000000000000000e+00
4.570311066400000000e+10	5.204925042960000000e+11	0.000000000000000000e+00
5.290527212280000000e+11	4.467692321500000000e+10	0.000000000000000000e+00
5.261806183260000000e+11	3.883270415000000000e+10	0.000000000000000000e+00
5.289519756220000000e+11	5.293881796400000000e+11	0.000000000000000000e+00
5.287406010590000000e+11	5.287337743680000000e+11	1.000000000000000000e+00
5.280557011410000000e+11	5.271664611650000000e+11	0.000000000000000000e+00
5.304833311420000000e+11	5.307382301590000000e+11	0.000000000000000000e+00
5.282689584590000000e+11	5.281865355250000000e+11	1.000000000000000000e+00
5.315498312760000000e+11	4.550954946400000000e+10	0.000000000000000000e+00
5.275784111840000000e+11	4.442502987700000000e+10	0.000000000000000000e+00
5.319241287810000000e+11	5.279031983560000000e+11	0.000000000000000000e+00
5.293968530320000000e+11	4.471135751000000000e+10	0.000000000000000000e+00
5.311229662370000000e+11	5.297282573500000000e+11	1.000000000000000000e+00
5.200807115760000000e+11	5.282772984120000000e+11	0.000000000000000000e+00
5.203756252660000000e+11	5.255572301680000000e+11	0.000000000000000000e+00
5.291789927250000000e+11	5.293802863010000000e+11	0.000000000000000000e+00
5.205462779500000000e+11	3.848739223300000000e+10	1.000000000000000000e+00
5.289384392850000000e+11	5.307837275410000000e+11	0.000000000000000000e+00
5.201501393660000000e+11	5.297474335090000000e+11	0.000000000000000000e+00
5.287624242730000000e+11	5.315086488040000000e+11	0.000000000000000000e+00
5.202494489440000000e+11	5.287581911120000000e+11	0.000000000000000000e+00
5.303613807020000000e+11	5.308875186290000000e+11	1.000000000000000000e+00
5.307973290950000000e+11	5.284454657120000000e+11	0.000000000000000000e+00
5.314443213610000000e+11	5.304271949740000000e+11	0.000000000000000000e+00
4.407107019900000000e+10	5.265041286590000000e+11	0.000000000000000000e+00
5.311579648330000000e+11	5.255751525430000000e+11	1.000000000000000000e+00
4.457787352700000000e+10	5.294300566150000000e+11	0.000000000000000000e+00
5.302594609300000000e+11	5.269503693430000000e+11	0.000000000000000000e+00
5.290943841060000000e+11	5.293579194550000000e+11	1.000000000000000000e+00
4.529894156300000000e+10	5.273854980860000000e+11	0.000000000000000000e+00
5.290527212280000000e+11	5.202732026190000000e+11	0.000000000000000000e+00
5.279078218770000000e+11	5.271118558570000000e+11	1.000000000000000000e+00
4.522528725200000000e+10	5.279400385720000000e+11	1.000000000000000000e+00
4.461498417200000000e+10	5.202732026190000000e+11	0.000000000000000000e+00
4.424437855300000000e+10	5.269399914870000000e+11	0.000000000000000000e+00
5.200029037750000000e+11	5.273905301430000000e+11	0.000000000000000000e+00
4.529882502900000000e+10	5.279322741060000000e+11	1.000000000000000000e+00
5.281922518800000000e+11	5.279953737240000000e+11	1.000000000000000000e+00
5.281922518800000000e+11	5.281824635430000000e+11	0.000000000000000000e+00
5.202494489440000000e+11	5.271588856570000000e+11	0.000000000000000000e+00
5.215078792710000000e+11	4.405003034700000000e+10	0.000000000000000000e+00
5.202472698100000000e+11	5.271751000900000000e+11	1.000000000000000000e+00
4.455726224100000000e+10	5.279400385720000000e+11	0.000000000000000000e+00
5.279078218770000000e+11	5.281095968370000000e+11	0.000000000000000000e+00
5.270446027110000000e+11	5.286035687120000000e+11	1.000000000000000000e+00
5.279924910060000000e+11	5.282264868030000000e+11	0.000000000000000000e+00
4.424115061500000000e+10	5.269399914870000000e+11	0.000000000000000000e+00
5.282726169030000000e+11	5.279400385720000000e+11	0.000000000000000000e+00
5.289989371540000000e+11	5.281824635430000000e+11	0.000000000000000000e+00
5.283354759100000000e+11	5.279400385720000000e+11	0.000000000000000000e+00
5.273494779650000000e+11	5.202732026190000000e+11	0.000000000000000000e+00
5.265922004750000000e+11	5.282264868030000000e+11	0.000000000000000000e+00
4.422279520600000000e+10	5.271777686710000000e+11	0.000000000000000000e+00
5.283077939270000000e+11	5.279322741060000000e+11	1.000000000000000000e+00
5.215078792710000000e+11	5.283243613340000000e+11	0.000000000000000000e+00
4.455726224100000000e+10	5.271765445410000000e+11	0.000000000000000000e+00
4.455726224100000000e+10	5.271751000900000000e+11	0.000000000000000000e+00
5.202494489440000000e+11	5.271720248930000000e+11	0.000000000000000000e+00
4.460655912000000000e+10	5.279400385720000000e+11	0.000000000000000000e+00
4.455741814500000000e+10	5.279400385720000000e+11	0.000000000000000000e+00
4.455698667900000000e+10	5.279400385720000000e+11	0.000000000000000000e+00
5.270704649600000000e+11	5.279322741060000000e+11	0.000000000000000000e+00
3.926038902000000000e+10	5.282264868030000000e+11	0.000000000000000000e+00
5.279078218770000000e+11	5.282470897000000000e+11	1.000000000000000000e+00
5.279245127370000000e+11	5.269399914870000000e+11	0.000000000000000000e+00
5.273494779650000000e+11	5.279322741060000000e+11	0.000000000000000000e+00
5.290527212280000000e+11	4.405003034700000000e+10	1.000000000000000000e+00
5.270446027110000000e+11	5.264000289470000000e+11	0.000000000000000000e+00
5.289998647230000000e+11	5.278986104180000000e+11	1.000000000000000000e+00
4.424437855300000000e+10	5.271765445410000000e+11	1.000000000000000000e+00
5.265922004750000000e+11	5.202732026190000000e+11	0.000000000000000000e+00
4.460084102900000000e+10	5.279400385720000000e+11	0.000000000000000000e+00
5.215078792710000000e+11	5.273905301430000000e+11	1.000000000000000000e+00
5.290738761940000000e+11	5.269399914870000000e+11	1.000000000000000000e+00
5.270691967920000000e+11	5.279400385720000000e+11	0.000000000000000000e+00
4.452954792000000000e+10	5.282264868030000000e+11	0.000000000000000000e+00
5.255023930210000000e+11	5.269180358450000000e+11	1.000000000000000000e+00
4.553095721100000000e+10	5.279322741060000000e+11	1.000000000000000000e+00
4.424115061500000000e+10	5.271720248930000000e+11	1.000000000000000000e+00
5.202472698100000000e+11	4.405003034700000000e+10	0.000000000000000000e+00
5.270701965380000000e+11	5.202732026190000000e+11	0.000000000000000000e+00
5.274426321120000000e+11	5.282470897000000000e+11	0.000000000000000000e+00
5.276695726460000000e+11	5.279400385720000000e+11	0.000000000000000000e+00
5.270693647280000000e+11	5.283847176640000000e+11	0.000000000000000000e+00
4.424115061500000000e+10	5.271765445410000000e+11	0.000000000000000000e+00
5.270446027110000000e+11	4.464585963200000000e+10	0.000000000000000000e+00
4.522528725200000000e+10	5.202732026190000000e+11	0.000000000000000000e+00
3.840723218800000000e+10	5.281824635430000000e+11	0.000000000000000000e+00
5.283880010420000000e+11	5.279322741060000000e+11	0.000000000000000000e+00
4.461498417200000000e+10	5.282264868030000000e+11	0.000000000000000000e+00
5.310068777230000000e+11	5.294167038540000000e+11	0.000000000000000000e+00
5.305536779720000000e+11	5.284354090850000000e+11	1.000000000000000000e+00
5.291956602630000000e+11	4.545507570500000000e+10	0.000000000000000000e+00
5.273977179190000000e+11	5.279029134770000000e+11	0.000000000000000000e+00
5.270949944860000000e+11	5.295349492150000000e+11	1.000000000000000000e+00
4.561322256300000000e+10	5.290039908840000000e+11	0.000000000000000000e+00
5.290209858070000000e+11	4.407122235700000000e+10	0.000000000000000000e+00
5.281865475190000000e+11	4.378925366900000000e+10	0.000000000000000000e+00
5.305796722390000000e+11	5.287221449690000000e+11	0.000000000000000000e+00
5.283152004130000000e+11	5.289980173610000000e+11	0.000000000000000000e+00
5.291567866640000000e+11	5.307863597600000000e+11	0.000000000000000000e+00
5.277516875330000000e+11	5.282734425560000000e+11	0.000000000000000000e+00
5.281922518800000000e+11	4.571011539800000000e+10	0.000000000000000000e+00
5.316619578710000000e+11	5.306605194990000000e+11	1.000000000000000000e+00
4.391551759800000000e+10	4.490367647600000000e+10	0.000000000000000000e+00
5.317476832860000000e+11	5.293554333640000000e+11	1.000000000000000000e+00
5.306796728020000000e+11	5.294511825820000000e+11	1.000000000000000000e+00
3.833760686600000000e+10	5.291440400620000000e+11	1.000000000000000000e+00
5.284662728530000000e+11	5.264278236290000000e+11	1.000000000000000000e+00
5.280471379200000000e+11	5.301955686270000000e+11	1.000000000000000000e+00
5.202472698100000000e+11	5.262043107630000000e+11	0.000000000000000000e+00
5.273493794830000000e+11	5.294051700260000000e+11	0.000000000000000000e+00
5.271565304030000000e+11	4.506108770500000000e+10	0.000000000000000000e+00
4.557393056400000000e+10	5.276570076100000000e+11	0.000000000000000000e+00
5.305214503110000000e+11	5.253652178630000000e+11	0.000000000000000000e+00
5.281131658530000000e+11	5.274430203320000000e+11	0.000000000000000000e+00
4.460386146200000000e+10	5.308241206280000000e+11	1.000000000000000000e+00
4.427768933300000000e+10	5.273150414030000000e+11	1.000000000000000000e+00
5.210800041370000000e+11	5.305443369750000000e+11	0.000000000000000000e+00
5.296537866370000000e+11	5.305260126450000000e+11	0.000000000000000000e+00
5.289320564560000000e+11	5.268913230700000000e+11	0.000000000000000000e+00
5.276987577850000000e+11	5.271121039730000000e+11	0.000000000000000000e+00
5.286811999320000000e+11	5.297132562200000000e+11	1.000000000000000000e+00
5.284279905500000000e+11	5.307355307130000000e+11	1.000000000000000000e+00
5.280569590460000000e+11	5.283929243530000000e+11	0.000000000000000000e+00
5.318606677040000000e+11	4.511211424200000000e+10	0.000000000000000000e+00
3.734329350400000000e+10	5.280341236630000000e+11	0.000000000000000000e+00
4.506084384300000000e+10	5.295250705090000000e+11	1.000000000000000000e+00
5.304216369690000000e+11	5.279762202470000000e+11	1.000000000000000000e+00
5.264916254890000000e+11	5.275424647410000000e+11	1.000000000000000000e+00
4.447309487200000000e+10	5.276685612250000000e+11	1.000000000000000000e+00
4.493544421700000000e+10	5.293616057630000000e+11	1.000000000000000000e+00
4.501050910000000000e+10	5.264912130480000000e+11	0.000000000000000000e+00
5.294387407640000000e+11	5.275774099280000000e+11	1.000000000000000000e+00
5.292914434710000000e+11	4.401730922100000000e+10	0.000000000000000000e+00
4.492581928000000000e+10	5.294773294630000000e+11	0.000000000000000000e+00
4.424362366200000000e+10	5.274145523820000000e+11	1.000000000000000000e+00
5.290032100830000000e+11	5.318863411790000000e+11	1.000000000000000000e+00
5.271118558570000000e+11	5.277015629730000000e+11	0.000000000000000000e+00
5.273613022720000000e+11	4.530748091900000000e+10	0.000000000000000000e+00
5.296003234510000000e+11	5.313390422390000000e+11	0.000000000000000000e+00
5.228416957030000000e+11	5.278099056400000000e+11	0.000000000000000000e+00
5.292040864200000000e+11	3.937276931700000000e+10	0.000000000000000000e+00
5.320697606950000000e+11	5.286210221560000000e+11	1.000000000000000000e+00
4.469888265100000000e+10	5.289047956440000000e+11	0.000000000000000000e+00
5.269376296460000000e+11	4.064362882900000000e+10	0.000000000000000000e+00
5.316555542690000000e+11	5.313202881430000000e+11	1.000000000000000000e+00
5.294032458200000000e+11	5.265755804670000000e+11	0.000000000000000000e+00
5.302435434240000000e+11	4.457199438200000000e+10	0.000000000000000000e+00
5.279245127370000000e+11	4.405003034700000000e+10	0.000000000000000000e+00
5.289886470770000000e+11	4.405003034700000000e+10	1.000000000000000000e+00
4.455726224100000000e+10	4.405003034700000000e+10	1.000000000000000000e+00
5.215078792710000000e+11	5.274426321120000000e+11	0.000000000000000000e+00
5.279451330560000000e+11	5.264000289470000000e+11	0.000000000000000000e+00
4.555715931000000000e+10	5.278986104180000000e+11	0.000000000000000000e+00
5.280290907650000000e+11	5.202732026190000000e+11	0.000000000000000000e+00
4.548569003100000000e+10	5.279322741060000000e+11	0.000000000000000000e+00
4.523812654000000000e+10	5.269180358450000000e+11	1.000000000000000000e+00
5.279078218770000000e+11	5.271138158590000000e+11	0.000000000000000000e+00
5.200029037750000000e+11	5.273493794830000000e+11	0.000000000000000000e+00
4.455726224100000000e+10	5.269399914870000000e+11	0.000000000000000000e+00
4.455741814500000000e+10	5.202732026190000000e+11	0.000000000000000000e+00
4.455726224100000000e+10	5.271138158590000000e+11	0.000000000000000000e+00
5.273493794830000000e+11	5.282470897000000000e+11	0.000000000000000000e+00
4.422117960300000000e+10	5.273905301430000000e+11	1.000000000000000000e+00
5.282745357590000000e+11	5.202732026190000000e+11	0.000000000000000000e+00
4.523667092600000000e+10	5.202732026190000000e+11	0.000000000000000000e+00
5.291111139850000000e+11	4.405003034700000000e+10	0.000000000000000000e+00
5.200029037750000000e+11	5.269399914870000000e+11	0.000000000000000000e+00
5.283880010420000000e+11	5.202732026190000000e+11	0.000000000000000000e+00
5.279245127370000000e+11	5.271777686710000000e+11	0.000000000000000000e+00
4.548569003100000000e+10	5.202732026190000000e+11	0.000000000000000000e+00
5.279400385720000000e+11	5.269399914870000000e+11	0.000000000000000000e+00
5.290026338910000000e+11	5.282264868030000000e+11	0.000000000000000000e+00
5.279245127370000000e+11	5.273493794830000000e+11	0.000000000000000000e+00
5.289988396560000000e+11	5.269180358450000000e+11	0.000000000000000000e+00
4.548569003100000000e+10	5.279400385720000000e+11	0.000000000000000000e+00
4.422279520600000000e+10	5.271765445410000000e+11	0.000000000000000000e+00
5.202494489440000000e+11	5.271761084630000000e+11	1.000000000000000000e+00
5.253370628660000000e+11	5.290961761820000000e+11	0.000000000000000000e+00
5.290738761940000000e+11	4.405003034700000000e+10	0.000000000000000000e+00
5.202494489440000000e+11	5.271138158590000000e+11	0.000000000000000000e+00
4.424115061500000000e+10	5.271777686710000000e+11	0.000000000000000000e+00
5.282726169030000000e+11	5.279322741060000000e+11	0.000000000000000000e+00
5.274430203320000000e+11	4.405003034700000000e+10	0.000000000000000000e+00
5.270691967920000000e+11	5.279322741060000000e+11	0.000000000000000000e+00
5.289886397040000000e+11	5.281824635430000000e+11	0.000000000000000000e+00
5.279245127370000000e+11	5.271118558570000000e+11	0.000000000000000000e+00
4.424437855300000000e+10	5.273493794830000000e+11	0.000000000000000000e+00
4.455726224100000000e+10	5.271499862680000000e+11	0.000000000000000000e+00
5.290197727250000000e+11	5.202732026190000000e+11	0.000000000000000000e+00
5.271026336810000000e+11	5.202732026190000000e+11	0.000000000000000000e+00
5.202472698100000000e+11	5.271761084630000000e+11	0.000000000000000000e+00
5.273004468500000000e+11	5.290961761820000000e+11	0.000000000000000000e+00
4.561225079200000000e+10	5.202732026190000000e+11	0.000000000000000000e+00
5.290527212280000000e+11	5.282470897000000000e+11	0.000000000000000000e+00
5.291316847670000000e+11	5.282470897000000000e+11	0.000000000000000000e+00
4.453379173000000000e+10	5.202732026190000000e+11	0.000000000000000000e+00
5.202472698100000000e+11	5.271118558570000000e+11	1.000000000000000000e+00
5.279400385720000000e+11	5.202732026190000000e+11	0.000000000000000000e+00
4.555715931000000000e+10	5.290961761820000000e+11	1.000000000000000000e+00
5.280058972450000000e+11	5.269349693710000000e+11	1.000000000000000000e+00
5.296890052990000000e+11	5.320413570440000000e+11	1.000000000000000000e+00
5.308097376470000000e+11	5.288848329340000000e+11	0.000000000000000000e+00
5.280418867360000000e+11	5.312266406240000000e+11	1.000000000000000000e+00
5.290369221840000000e+11	5.278864996410000000e+11	1.000000000000000000e+00
4.543953104700000000e+10	4.399056951700000000e+10	0.000000000000000000e+00
5.255569825260000000e+11	5.307334621840000000e+11	1.000000000000000000e+00
5.294045584640000000e+11	5.201518160410000000e+11	0.000000000000000000e+00
5.286929341110000000e+11	5.311450537940000000e+11	0.000000000000000000e+00
5.255618534520000000e+11	5.269390806810000000e+11	1.000000000000000000e+00
5.308934685800000000e+11	1.803599453900000000e+10	0.000000000000000000e+00
5.308367395960000000e+11	4.392574737500000000e+10	0.000000000000000000e+00
5.320456814820000000e+11	5.264896777880000000e+11	0.000000000000000000e+00
5.271573904150000000e+11	5.286214466640000000e+11	0.000000000000000000e+00
5.255568947760000000e+11	5.282192113680000000e+11	0.000000000000000000e+00
5.274140841940000000e+11	5.290635899140000000e+11	0.000000000000000000e+00
3.870432154200000000e+10	5.200364287880000000e+11	0.000000000000000000e+00
5.281100096810000000e+11	5.288487895270000000e+11	0.000000000000000000e+00
5.309322443740000000e+11	5.281232614780000000e+11	0.000000000000000000e+00
5.265734804150000000e+11	5.298205042840000000e+11	0.000000000000000000e+00
5.276412509370000000e+11	5.320641818970000000e+11	0.000000000000000000e+00
5.288491863900000000e+11	5.315087444810000000e+11	0.000000000000000000e+00
5.316725864700000000e+11	4.480352920200000000e+10	0.000000000000000000e+00
5.294767177910000000e+11	5.295085920540000000e+11	0.000000000000000000e+00
5.282549641380000000e+11	5.272656028920000000e+11	0.000000000000000000e+00
5.312322411990000000e+11	5.276134591460000000e+11	0.000000000000000000e+00
4.455717090000000000e+10	5.291294488470000000e+11	0.000000000000000000e+00
5.272171875500000000e+11	5.279341475010000000e+11	1.000000000000000000e+00
5.308371394770000000e+11	5.271765445410000000e+11	0.000000000000000000e+00
5.274117765140000000e+11	4.553095721100000000e+10	0.000000000000000000e+00
3.985627837200000000e+10	5.313863557030000000e+11	0.000000000000000000e+00
5.269274261790000000e+11	5.271074758820000000e+11	1.000000000000000000e+00
5.206895459910000000e+11	4.426864811100000000e+10	0.000000000000000000e+00
5.289336544760000000e+11	5.280269062670000000e+11	0.000000000000000000e+00
5.293796747550000000e+11	5.317055007410000000e+11	0.000000000000000000e+00
5.307824484680000000e+11	5.271706059540000000e+11	0.000000000000000000e+00
5.275572435710000000e+11	4.524324248300000000e+10	0.000000000000000000e+00
5.312346654690000000e+11	5.262128637420000000e+11	0.000000000000000000e+00
5.308442339020000000e+11	4.412042637100000000e+10	0.000000000000000000e+00
5.200568864600000000e+11	5.270713461430000000e+11	1.000000000000000000e+00
5.265301356050000000e+11	5.289989371540000000e+11	0.000000000000000000e+00
5.205457913860000000e+11	4.479167181600000000e+10	0.000000000000000000e+00
5.269965284980000000e+11	5.290026338910000000e+11	0.000000000000000000e+00
5.278205911350000000e+11	4.474274990400000000e+10	0.000000000000000000e+00
5.228915013420000000e+11	5.296699350010000000e+11	0.000000000000000000e+00
5.295129044900000000e+11	5.295206574130000000e+11	1.000000000000000000e+00
5.255754201130000000e+11	5.315912007670000000e+11	1.000000000000000000e+00
5.292425003290000000e+11	5.310260405990000000e+11	0.000000000000000000e+00
5.260333927150000000e+11	5.276887549620000000e+11	0.000000000000000000e+00
5.301981164590000000e+11	5.311329530490000000e+11	0.000000000000000000e+00
5.284775422210000000e+11	5.297304637130000000e+11	0.000000000000000000e+00
5.260435665100000000e+11	5.291956483650000000e+11	0.000000000000000000e+00
5.293463789950000000e+11	5.305338820630000000e+11	0.000000000000000000e+00
5.275685494170000000e+11	5.284372178300000000e+11	0.000000000000000000e+00
4.566048134600000000e+10	3.881583510700000000e+10	0.000000000000000000e+00
5.282770674820000000e+11	5.295038761310000000e+11	0.000000000000000000e+00
5.257143946660000000e+11	5.269902844670000000e+11	0.000000000000000000e+00
5.273761232420000000e+11	5.279451330560000000e+11	1.000000000000000000e+00
5.293673495900000000e+11	5.270325433050000000e+11	0.000000000000000000e+00
4.457266822400000000e+10	4.464585547200000000e+10	0.000000000000000000e+00
4.456060639100000000e+10	5.276048906280000000e+11	0.000000000000000000e+00
5.200245688980000000e+11	5.280077572370000000e+11	1.000000000000000000e+00
5.209748980040000000e+11	5.274568209430000000e+11	1.000000000000000000e+00
5.269889996830000000e+11	4.517408824900000000e+10	0.000000000000000000e+00
5.273905301430000000e+11	5.308803002150000000e+11	0.000000000000000000e+00
4.571481087000000000e+10	5.312420384000000000e+11	0.000000000000000000e+00
5.298328568280000000e+11	3.744959023400000000e+10	0.000000000000000000e+00
3.863650113800000000e+10	5.262878974970000000e+11	0.000000000000000000e+00
5.294743549350000000e+11	5.285317843480000000e+11	0.000000000000000000e+00
5.318688713140000000e+11	5.228944507090000000e+11	0.000000000000000000e+00
5.276962420030000000e+11	5.317210400050000000e+11	0.000000000000000000e+00
5.280917370370000000e+11	5.264660347100000000e+11	1.000000000000000000e+00
5.280623248420000000e+11	5.200638211520000000e+11	0.000000000000000000e+00
4.462230885100000000e+10	5.273021536130000000e+11	0.000000000000000000e+00
5.269281741390000000e+11	5.277759681820000000e+11	0.000000000000000000e+00
5.294505103140000000e+11	5.265893285040000000e+11	0.000000000000000000e+00
5.296033924970000000e+11	4.481866350700000000e+10	1.000000000000000000e+00
1.729621863200000000e+10	5.279335580960000000e+11	1.000000000000000000e+00
5.304489973970000000e+11	4.412615883500000000e+10	0.000000000000000000e+00
5.318440624140000000e+11	5.288525235350000000e+11	0.000000000000000000e+00
5.319106208880000000e+11	5.269399914870000000e+11	0.000000000000000000e+00
5.282969088400000000e+11	5.210678958890000000e+11	0.000000000000000000e+00
5.271941933560000000e+11	5.282979210380000000e+11	0.000000000000000000e+00
4.373199917800000000e+10	4.455741814500000000e+10	0.000000000000000000e+00
4.506477949000000000e+10	4.550972100700000000e+10	0.000000000000000000e+00
5.280032177630000000e+11	5.275271538040000000e+11	0.000000000000000000e+00
5.203031296110000000e+11	5.280102085980000000e+11	0.000000000000000000e+00
5.308423906630000000e+11	5.288490426410000000e+11	1.000000000000000000e+00
5.307287111490000000e+11	4.494525165000000000e+10	0.000000000000000000e+00
5.305558733030000000e+11	5.272792817080000000e+11	0.000000000000000000e+00
5.270277386770000000e+11	5.283334079920000000e+11	1.000000000000000000e+00
5.287409318810000000e+11	5.282339426510000000e+11	1.000000000000000000e+00
4.446896479700000000e+10	4.501095388400000000e+10	1.000000000000000000e+00
5.210793682310000000e+11	4.349938641000000000e+10	0.000000000000000000e+00
4.399817878500000000e+10	4.580714584000000000e+10	0.000000000000000000e+00
5.259016465600000000e+11	4.105232895100000000e+10	0.000000000000000000e+00
5.319641357660000000e+11	5.279748005360000000e+11	1.000000000000000000e+00
5.297360703640000000e+11	5.273343580080000000e+11	1.000000000000000000e+00
5.260676161320000000e+11	5.305663176980000000e+11	0.000000000000000000e+00
5.285508135690000000e+11	5.279984391690000000e+11	0.000000000000000000e+00
4.467493953900000000e+10	5.291430227080000000e+11	0.000000000000000000e+00
4.428084695700000000e+10	5.269555668270000000e+11	0.000000000000000000e+00
5.280231885160000000e+11	3.768396704800000000e+10	0.000000000000000000e+00
5.270721346760000000e+11	5.308348208980000000e+11	0.000000000000000000e+00
5.276641576380000000e+11	5.297153837700000000e+11	1.000000000000000000e+00
5.282679684930000000e+11	5.301647519790000000e+11	0.000000000000000000e+00
5.301940565980000000e+11	5.265744927620000000e+11	1.000000000000000000e+00
5.309064176900000000e+11	5.284068360970000000e+11	1.000000000000000000e+00
5.276533455030000000e+11	5.271715405970000000e+11	0.000000000000000000e+00
4.488206126200000000e+10	5.271860989390000000e+11	0.000000000000000000e+00
5.308894543840000000e+11	5.279676790120000000e+11	0.000000000000000000e+00
5.311718635770000000e+11	5.280556071830000000e+11	0.000000000000000000e+00
5.295825989480000000e+11	5.291095904100000000e+11	1.000000000000000000e+00
5.264896371170000000e+11	5.308784211920000000e+11	1.000000000000000000e+00
5.292258577950000000e+11	1.789918980400000000e+10	1.000000000000000000e+00
5.279268128290000000e+11	5.286765155500000000e+11	0.000000000000000000e+00
5.279751483310000000e+11	5.303724304080000000e+11	1.000000000000000000e+00
5.226671420280000000e+11	5.316002563770000000e+11	0.000000000000000000e+00
4.387787575000000000e+10	5.296535387190000000e+11	0.000000000000000000e+00
5.279097017280000000e+11	5.292792858580000000e+11	0.000000000000000000e+00
5.277742843770000000e+11	5.201508737110000000e+11	0.000000000000000000e+00
5.294568027420000000e+11	5.312103157840000000e+11	1.000000000000000000e+00
5.271588856570000000e+11	5.304443675180000000e+11	0.000000000000000000e+00
5.297838815930000000e+11	5.292267762180000000e+11	0.000000000000000000e+00
5.293791843760000000e+11	5.309164772890000000e+11	0.000000000000000000e+00
5.280999783960000000e+11	5.279206239150000000e+11	0.000000000000000000e+00
5.282489096050000000e+11	5.273034450860000000e+11	0.000000000000000000e+00
5.280976345780000000e+11	5.277171776290000000e+11	0.000000000000000000e+00
5.275249820500000000e+11	5.304524853240000000e+11	0.000000000000000000e+00
5.298208246490000000e+11	4.566406124600000000e+10	0.000000000000000000e+00
5.308560931650000000e+11	5.303720553200000000e+11	0.000000000000000000e+00
5.307329981660000000e+11	4.473135621600000000e+10	1.000000000000000000e+00
5.283187385480000000e+11	4.535421878800000000e+10	1.000000000000000000e+00
5.280965153240000000e+11	5.312822263360000000e+11	0.000000000000000000e+00
5.314821797260000000e+11	4.388357290500000000e+10	1.000000000000000000e+00
5.318046822440000000e+11	5.268905477470000000e+11	0.000000000000000000e+00
5.304345359420000000e+11	5.270417070140000000e+11	0.000000000000000000e+00
5.293467950000000000e+11	5.286133209500000000e+11	0.000000000000000000e+00
5.317352056070000000e+11	5.277106472100000000e+11	0.000000000000000000e+00
5.269250354280000000e+11	3.801431184600000000e+10	1.000000000000000000e+00
4.406318271300000000e+10	4.533343866100000000e+10	1.000000000000000000e+00
5.308719908010000000e+11	5.272753497040000000e+11	0.000000000000000000e+00
5.270311313820000000e+11	5.326208641550000000e+11	1.000000000000000000e+00
5.295127908240000000e+11	5.269944687030000000e+11	0.000000000000000000e+00
5.303299151460000000e+11	5.278617878510000000e+11	1.000000000000000000e+00
5.283096449280000000e+11	5.269297031440000000e+11	0.000000000000000000e+00
5.286057721070000000e+11	5.201349865500000000e+11	1.000000000000000000e+00
5.264416374610000000e+11	5.276754239590000000e+11	0.000000000000000000e+00
4.420805170900000000e+10	5.279293966130000000e+11	0.000000000000000000e+00
5.275251078810000000e+11	5.305977294990000000e+11	1.000000000000000000e+00
5.279092834480000000e+11	5.293401959070000000e+11	1.000000000000000000e+00
5.314864921690000000e+11	5.280224161800000000e+11	0.000000000000000000e+00
3.881557860100000000e+10	4.529882502900000000e+10	0.000000000000000000e+00
5.307355586310000000e+11	5.293542115140000000e+11	0.000000000000000000e+00
5.283728469080000000e+11	5.281170334310000000e+11	1.000000000000000000e+00
4.559666316200000000e+10	5.302714354940000000e+11	0.000000000000000000e+00
4.414414471000000000e+10	4.564015034000000000e+10	0.000000000000000000e+00
5.303873942550000000e+11	5.293682088150000000e+11	1.000000000000000000e+00
5.291960929710000000e+11	5.309406194970000000e+11	0.000000000000000000e+00
3.951299066100000000e+10	5.279522867680000000e+11	0.000000000000000000e+00
3.712760194000000000e+10	5.304962828680000000e+11	0.000000000000000000e+00
5.282687839770000000e+11	5.255223996380000000e+11	0.000000000000000000e+00
5.271777686710000000e+11	5.273730159410000000e+11	0.000000000000000000e+00
5.301671239330000000e+11	4.415213261100000000e+10	0.000000000000000000e+00
5.318732605390000000e+11	5.271438030880000000e+11	0.000000000000000000e+00
3.897669132800000000e+10	5.310594477010000000e+11	0.000000000000000000e+00
4.523812654000000000e+10	5.254197277600000000e+11	0.000000000000000000e+00
5.306819726640000000e+11	5.268910836930000000e+11	1.000000000000000000e+00
5.277664691260000000e+11	5.274559801860000000e+11	0.000000000000000000e+00
5.291111139850000000e+11	3.706688394600000000e+10	1.000000000000000000e+00
5.289458992130000000e+11	5.296565165420000000e+11	0.000000000000000000e+00
5.307684300840000000e+11	5.303732220070000000e+11	0.000000000000000000e+00
5.296004078240000000e+11	4.522549530400000000e+10	1.000000000000000000e+00
5.203635103340000000e+11	1.457633333600000000e+10	0.000000000000000000e+00
5.201505033840000000e+11	5.271195194620000000e+11	0.000000000000000000e+00
5.306782792790000000e+11	5.291029105880000000e+11	1.000000000000000000e+00
5.270898784940000000e+11	5.279040151650000000e+11	1.000000000000000000e+00
5.283596306190000000e+11	5.290025519790000000e+11	0.000000000000000000e+00
5.273242641020000000e+11	5.286196739040000000e+11	0.000000000000000000e+00
5.265922004750000000e+11	5.279464887900000000e+11	0.000000000000000000e+00
4.481928488000000000e+10	5.290864529540000000e+11	0.000000000000000000e+00
5.316558682340000000e+11	5.269506848740000000e+11	0.000000000000000000e+00
5.282198874110000000e+11	5.317209454750000000e+11	0.000000000000000000e+00
4.422279520600000000e+10	5.202732026190000000e+11	0.000000000000000000e+00
4.455389822700000000e+10	5.269399914870000000e+11	1.000000000000000000e+00
5.282939389290000000e+11	5.269180358450000000e+11	1.000000000000000000e+00
5.270701965380000000e+11	5.271118558570000000e+11	1.000000000000000000e+00
5.202472698100000000e+11	5.286035687120000000e+11	0.000000000000000000e+00
5.280269062670000000e+11	5.279400385720000000e+11	0.000000000000000000e+00
5.280269062670000000e+11	5.282470897000000000e+11	1.000000000000000000e+00
5.273494779650000000e+11	5.282470897000000000e+11	1.000000000000000000e+00
5.282489096050000000e+11	5.271765445410000000e+11	1.000000000000000000e+00
4.422279520600000000e+10	5.279400385720000000e+11	0.000000000000000000e+00
4.498939864100000000e+10	4.405003034700000000e+10	0.000000000000000000e+00
4.460655912000000000e+10	5.283847176640000000e+11	1.000000000000000000e+00
4.422279520600000000e+10	5.282264868030000000e+11	0.000000000000000000e+00
4.540447306700000000e+10	5.271588856570000000e+11	0.000000000000000000e+00
3.834540134100000000e+10	5.271118558570000000e+11	0.000000000000000000e+00
5.282212581700000000e+11	4.405003034700000000e+10	0.000000000000000000e+00
4.461498417200000000e+10	5.271082916350000000e+11	0.000000000000000000e+00
5.200012951860000000e+11	5.279322741060000000e+11	1.000000000000000000e+00
5.282745357590000000e+11	4.405003034700000000e+10	1.000000000000000000e+00
3.834540134100000000e+10	5.271138158590000000e+11	0.000000000000000000e+00
5.283077939270000000e+11	5.202732026190000000e+11	0.000000000000000000e+00
5.279973157790000000e+11	5.283847176640000000e+11	0.000000000000000000e+00
5.288849128050000000e+11	4.411148139200000000e+10	0.000000000000000000e+00
5.283354759100000000e+11	5.284094165710000000e+11	0.000000000000000000e+00
3.849736991000000000e+10	5.316652651730000000e+11	1.000000000000000000e+00
5.286743483060000000e+11	5.204148428570000000e+11	0.000000000000000000e+00
5.302551885070000000e+11	5.279918308190000000e+11	0.000000000000000000e+00
4.502741234400000000e+10	5.201522844830000000e+11	0.000000000000000000e+00
5.273175406820000000e+11	4.587029271100000000e+10	0.000000000000000000e+00
5.269273309640000000e+11	5.287973296750000000e+11	0.000000000000000000e+00
4.546194685100000000e+10	5.316891442050000000e+11	0.000000000000000000e+00
5.270870354970000000e+11	5.282240798910000000e+11	0.000000000000000000e+00
5.312266759650000000e+11	4.467573164600000000e+10	0.000000000000000000e+00
5.290095437380000000e+11	5.314942393360000000e+11	0.000000000000000000e+00
5.304458579460000000e+11	5.315999402040000000e+11	1.000000000000000000e+00
4.447666139300000000e+10	5.280371700630000000e+11	1.000000000000000000e+00
5.294745472010000000e+11	5.297338519050000000e+11	1.000000000000000000e+00
5.273995898430000000e+11	4.455726224100000000e+10	1.000000000000000000e+00
5.311072226380000000e+11	5.288075455390000000e+11	0.000000000000000000e+00
5.309919060040000000e+11	4.373949556000000000e+10	0.000000000000000000e+00
5.316388207320000000e+11	3.964583265100000000e+10	0.000000000000000000e+00
5.283903911760000000e+11	5.307329107870000000e+11	0.000000000000000000e+00
4.493848926000000000e+10	4.452954792000000000e+10	0.000000000000000000e+00
5.282939389290000000e+11	5.307966133680000000e+11	0.000000000000000000e+00
5.305215086680000000e+11	5.307838264850000000e+11	0.000000000000000000e+00
5.255624530120000000e+11	5.288018141010000000e+11	1.000000000000000000e+00
5.302634479950000000e+11	5.293880434560000000e+11	0.000000000000000000e+00
5.302079684980000000e+11	5.275644075500000000e+11	0.000000000000000000e+00
4.430574505600000000e+10	5.303255630470000000e+11	0.000000000000000000e+00
5.304849217680000000e+11	4.441059802700000000e+10	0.000000000000000000e+00
5.284399671850000000e+11	3.771600995500000000e+10	0.000000000000000000e+00
5.293384192440000000e+11	5.268895352920000000e+11	1.000000000000000000e+00
5.318943252430000000e+11	5.278987346450000000e+11	0.000000000000000000e+00
5.286400100370000000e+11	5.272898625210000000e+11	1.000000000000000000e+00
5.293907985450000000e+11	5.286373733500000000e+11	0.000000000000000000e+00
5.315500460060000000e+11	5.286969691470000000e+11	0.000000000000000000e+00
5.270540791420000000e+11	5.281117731670000000e+11	1.000000000000000000e+00
4.446997574200000000e+10	4.386199419800000000e+10	0.000000000000000000e+00
5.273730202860000000e+11	5.318440263250000000e+11	0.000000000000000000e+00
3.926038902000000000e+10	4.572541698500000000e+10	0.000000000000000000e+00
5.305466970880000000e+11	5.293540215900000000e+11	0.000000000000000000e+00
5.296914735060000000e+11	5.306191846550000000e+11	0.000000000000000000e+00
5.265588336410000000e+11	5.297974347560000000e+11	1.000000000000000000e+00
5.304359299690000000e+11	5.301625691750000000e+11	0.000000000000000000e+00
1.803598290500000000e+10	5.284103045360000000e+11	0.000000000000000000e+00
5.291205586270000000e+11	5.308694933910000000e+11	0.000000000000000000e+00
5.210757892040000000e+11	5.285204145040000000e+11	0.000000000000000000e+00
5.307446937240000000e+11	5.276025469820000000e+11	0.000000000000000000e+00
5.309060626510000000e+11	5.210751095670000000e+11	0.000000000000000000e+00
5.301549258580000000e+11	5.279467282840000000e+11	0.000000000000000000e+00
5.291070039220000000e+11	5.315508302380000000e+11	0.000000000000000000e+00
5.311876711320000000e+11	5.255569066840000000e+11	0.000000000000000000e+00
5.277543031040000000e+11	5.278678831330000000e+11	0.000000000000000000e+00
5.298268845440000000e+11	5.286844397010000000e+11	1.000000000000000000e+00
5.271669855620000000e+11	4.435717855400000000e+10	1.000000000000000000e+00
5.279924910060000000e+11	5.292143174370000000e+11	0.000000000000000000e+00
5.264604367420000000e+11	5.265498224870000000e+11	1.000000000000000000e+00
4.504436252900000000e+10	5.316465088580000000e+11	0.000000000000000000e+00
4.403701613300000000e+10	5.295287617080000000e+11	0.000000000000000000e+00
5.303914652000000000e+11	5.286692361180000000e+11	1.000000000000000000e+00
5.284899697890000000e+11	5.291107691390000000e+11	0.000000000000000000e+00
5.279906636780000000e+11	4.534110788200000000e+10	0.000000000000000000e+00
5.292527608930000000e+11	5.292956155090000000e+11	0.000000000000000000e+00
5.280290907650000000e+11	4.476220671700000000e+10	1.000000000000000000e+00
5.283292275960000000e+11	5.271388172470000000e+11	1.000000000000000000e+00
5.283810394330000000e+11	4.509499063500000000e+10	0.000000000000000000e+00
5.282267395540000000e+11	4.518675174500000000e+10	0.000000000000000000e+00
5.290904845810000000e+11	5.291922048560000000e+11	0.000000000000000000e+00
5.284035283990000000e+11	5.312335349670000000e+11	0.000000000000000000e+00
4.386169098200000000e+10	5.285699641480000000e+11	0.000000000000000000e+00
4.437596447000000000e+10	5.301951207560000000e+11	1.000000000000000000e+00
5.287419673760000000e+11	5.307913094530000000e+11	0.000000000000000000e+00
5.276617738430000000e+11	4.506911945900000000e+10	0.000000000000000000e+00
5.314490494380000000e+11	5.290093371010000000e+11	1.000000000000000000e+00
5.265891686290000000e+11	5.277006496090000000e+11	1.000000000000000000e+00
5.293524955110000000e+11	5.269509360520000000e+11	0.000000000000000000e+00
5.296748987580000000e+11	5.282953109510000000e+11	1.000000000000000000e+00
5.303826511360000000e+11	5.271751000900000000e+11	1.000000000000000000e+00
5.271499862680000000e+11	4.536085531200000000e+10	0.000000000000000000e+00
5.273869189710000000e+11	5.307677823510000000e+11	0.000000000000000000e+00
5.273439990430000000e+11	5.314452432680000000e+11	0.000000000000000000e+00
5.316072427680000000e+11	4.563712120100000000e+10	0.000000000000000000e+00
1.857832631400000000e+10	5.295015943640000000e+11	0.000000000000000000e+00
5.291316847670000000e+11	5.291016821180000000e+11	0.000000000000000000e+00
4.526243296200000000e+10	5.293627735550000000e+11	0.000000000000000000e+00
5.290548261930000000e+11	5.273560201890000000e+11	1.000000000000000000e+00
4.406669907900000000e+10	5.305446729320000000e+11	1.000000000000000000e+00
5.293549010830000000e+11	5.289923785820000000e+11	1.000000000000000000e+00
5.270939666980000000e+11	5.288328602910000000e+11	1.000000000000000000e+00
5.271833442910000000e+11	5.286749954120000000e+11	1.000000000000000000e+00
5.295045065020000000e+11	5.307692432790000000e+11	1.000000000000000000e+00
5.201328578280000000e+11	4.349935863800000000e+10	0.000000000000000000e+00
4.457688572700000000e+10	4.364272722000000000e+10	0.000000000000000000e+00
5.273476502960000000e+11	5.282264868030000000e+11	0.000000000000000000e+00
5.291111139850000000e+11	5.202732026190000000e+11	1.000000000000000000e+00
5.279322741060000000e+11	5.214693052990000000e+11	1.000000000000000000e+00
5.201350298060000000e+11	5.279322741060000000e+11	0.000000000000000000e+00
5.283354759100000000e+11	5.279322741060000000e+11	0.000000000000000000e+00
5.290026338910000000e+11	5.269180358450000000e+11	0.000000000000000000e+00
5.274426321120000000e+11	5.269399914870000000e+11	0.000000000000000000e+00
4.522528725200000000e+10	5.283847176640000000e+11	0.000000000000000000e+00
5.255023930210000000e+11	5.202732026190000000e+11	0.000000000000000000e+00
4.566048134600000000e+10	5.279322741060000000e+11	0.000000000000000000e+00
5.202472698100000000e+11	5.273493794830000000e+11	0.000000000000000000e+00
5.289854999020000000e+11	5.282470897000000000e+11	1.000000000000000000e+00
5.279078218770000000e+11	5.271499862680000000e+11	1.000000000000000000e+00
5.282759316070000000e+11	5.282264868030000000e+11	1.000000000000000000e+00
5.279245127370000000e+11	5.271765445410000000e+11	0.000000000000000000e+00
5.202494489440000000e+11	5.274426321120000000e+11	0.000000000000000000e+00
5.202472698100000000e+11	5.271588856570000000e+11	0.000000000000000000e+00
5.291107691390000000e+11	4.405003034700000000e+10	0.000000000000000000e+00
5.291035984620000000e+11	5.269399914870000000e+11	0.000000000000000000e+00
5.270704649600000000e+11	5.279400385720000000e+11	0.000000000000000000e+00
5.273476502960000000e+11	5.281824635430000000e+11	0.000000000000000000e+00
5.280269062670000000e+11	5.282264868030000000e+11	0.000000000000000000e+00
3.840723218800000000e+10	5.282264868030000000e+11	0.000000000000000000e+00
5.202472698100000000e+11	5.271138158590000000e+11	0.000000000000000000e+00
5.282212581700000000e+11	5.290961761820000000e+11	0.000000000000000000e+00
5.274434562090000000e+11	4.405003034700000000e+10	0.000000000000000000e+00
5.282726169030000000e+11	5.202732026190000000e+11	0.000000000000000000e+00
5.270693647280000000e+11	5.279400385720000000e+11	0.000000000000000000e+00
5.273476502960000000e+11	4.464585963200000000e+10	0.000000000000000000e+00
4.452954792000000000e+10	5.281824635430000000e+11	0.000000000000000000e+00
5.291386841980000000e+11	5.269399914870000000e+11	0.000000000000000000e+00
4.498962637300000000e+10	5.202732026190000000e+11	0.000000000000000000e+00
5.270701965380000000e+11	5.279322741060000000e+11	0.000000000000000000e+00
5.279322741060000000e+11	5.202732026190000000e+11	0.000000000000000000e+00
5.279451330560000000e+11	4.464585963200000000e+10	0.000000000000000000e+00
5.289988396560000000e+11	5.202732026190000000e+11	0.000000000000000000e+00
5.216005185320000000e+11	5.283243613340000000e+11	1.000000000000000000e+00
5.202472698100000000e+11	5.274426321120000000e+11	0.000000000000000000e+00
5.291440400620000000e+11	5.283847176640000000e+11	0.000000000000000000e+00
5.282745357590000000e+11	5.281824635430000000e+11	1.000000000000000000e+00
5.273905301430000000e+11	5.269399914870000000e+11	1.000000000000000000e+00
4.561225079200000000e+10	5.279400385720000000e+11	0.000000000000000000e+00
4.424437855300000000e+10	5.271118558570000000e+11	0.000000000000000000e+00
5.279924910060000000e+11	5.269180358450000000e+11	0.000000000000000000e+00
5.274434562090000000e+11	5.202732026190000000e+11	0.000000000000000000e+00
4.503055712900000000e+10	5.281824635430000000e+11	0.000000000000000000e+00
5.254856423540000000e+11	5.290961761820000000e+11	0.000000000000000000e+00
5.202494489440000000e+11	5.271118558570000000e+11	0.000000000000000000e+00
