4.410207321700000000e+10	4.083162414600000000e+10	0.000000000000000000e+00
5.210475137840000000e+11	5.258690737580000000e+11	0.000000000000000000e+00
5.272672116630000000e+11	5.283524336020000000e+11	0.000000000000000000e+00
4.285260649800000000e+10	5.285886585370000000e+11	0.000000000000000000e+00
5.293278835780000000e+11	4.442019557200000000e+10	0.000000000000000000e+00
4.457520806200000000e+10	5.284444399940000000e+11	0.000000000000000000e+00
5.270745775370000000e+11	5.295551527950000000e+11	1.000000000000000000e+00
5.206399964170000000e+11	5.259098487910000000e+11	1.000000000000000000e+00
5.284094403930000000e+11	5.301391781250000000e+11	1.000000000000000000e+00
5.294176448430000000e+11	4.398848063600000000e+10	1.000000000000000000e+00
5.286031648320000000e+11	5.283801622610000000e+11	0.000000000000000000e+00
5.272519359970000000e+11	1.826130236000000000e+10	1.000000000000000000e+00
5.278038632290000000e+11	5.205624766050000000e+11	0.000000000000000000e+00
5.276654713990000000e+11	4.431916712200000000e+10	0.000000000000000000e+00
5.279782926980000000e+11	5.264387985850000000e+11	1.000000000000000000e+00
4.442779229800000000e+10	5.212278248250000000e+11	0.000000000000000000e+00
5.202935827600000000e+11	5.214313614130000000e+11	0.000000000000000000e+00
5.290897610000000000e+11	5.289699682550000000e+11	1.000000000000000000e+00
5.254812123520000000e+11	5.271479564040000000e+11	0.000000000000000000e+00
4.554437104300000000e+10	5.251821410520000000e+11	0.000000000000000000e+00
5.263837017080000000e+11	4.382900053800000000e+10	0.000000000000000000e+00
4.410716427100000000e+10	5.265104277860000000e+11	0.000000000000000000e+00
4.548899067900000000e+10	5.278803529070000000e+11	0.000000000000000000e+00
5.287200844930000000e+11	5.269230851090000000e+11	0.000000000000000000e+00
5.273882583930000000e+11	5.265369088420000000e+11	1.000000000000000000e+00
5.278812726380000000e+11	5.285012040740000000e+11	0.000000000000000000e+00
5.237564136030000000e+11	5.277543300420000000e+11	1.000000000000000000e+00
5.270885483810000000e+11	5.279293687550000000e+11	0.000000000000000000e+00
5.287122043630000000e+11	5.283801622610000000e+11	0.000000000000000000e+00
5.229919283560000000e+11	5.291162181780000000e+11	0.000000000000000000e+00
5.264282638980000000e+11	5.274141526700000000e+11	0.000000000000000000e+00
5.294785053110000000e+11	4.110945806100000000e+10	0.000000000000000000e+00
1.763301097100000000e+10	5.230412858570000000e+11	0.000000000000000000e+00
5.207741752300000000e+11	5.250634217030000000e+11	1.000000000000000000e+00
5.279629643830000000e+11	5.277206641780000000e+11	0.000000000000000000e+00
5.208463853820000000e+11	5.288627413310000000e+11	0.000000000000000000e+00
5.294652959690000000e+11	5.283459484400000000e+11	0.000000000000000000e+00
5.275622022260000000e+11	3.713387235300000000e+10	0.000000000000000000e+00
5.279864398720000000e+11	4.469286104400000000e+10	0.000000000000000000e+00
5.271506169900000000e+11	5.260030907020000000e+11	0.000000000000000000e+00
5.273073751610000000e+11	5.289410080920000000e+11	0.000000000000000000e+00
5.274177602110000000e+11	5.276558033990000000e+11	0.000000000000000000e+00
5.293278835780000000e+11	5.271421493710000000e+11	1.000000000000000000e+00
5.287022012820000000e+11	5.229701212070000000e+11	1.000000000000000000e+00
5.255767843630000000e+11	4.400738363700000000e+10	0.000000000000000000e+00
5.289345110280000000e+11	5.252261820600000000e+11	0.000000000000000000e+00
5.276129540260000000e+11	5.280595893390000000e+11	0.000000000000000000e+00
5.289424620080000000e+11	5.272062087510000000e+11	0.000000000000000000e+00
5.219301659220000000e+11	5.276094981420000000e+11	0.000000000000000000e+00
5.270448549020000000e+11	5.278970546220000000e+11	1.000000000000000000e+00
5.280304066510000000e+11	5.294441196050000000e+11	1.000000000000000000e+00
3.822398690600000000e+10	5.264613060130000000e+11	1.000000000000000000e+00
4.566664971500000000e+10	5.283980842610000000e+11	1.000000000000000000e+00
4.036773623700000000e+10	5.283659153410000000e+11	0.000000000000000000e+00
5.283278351000000000e+11	5.273356155210000000e+11	0.000000000000000000e+00
5.275608105520000000e+11	4.390671147300000000e+10	1.000000000000000000e+00
5.210757898480000000e+11	5.284614624250000000e+11	0.000000000000000000e+00
5.279795447820000000e+11	5.269654930220000000e+11	0.000000000000000000e+00
5.282505979490000000e+11	4.476760805700000000e+10	1.000000000000000000e+00
5.279487667900000000e+11	5.261393154760000000e+11	1.000000000000000000e+00
4.451057073000000000e+10	5.260437378170000000e+11	0.000000000000000000e+00
5.294629624010000000e+11	4.399950102000000000e+10	1.000000000000000000e+00
3.909348924200000000e+10	5.280212762800000000e+11	0.000000000000000000e+00
5.274191600680000000e+11	5.205372280530000000e+11	0.000000000000000000e+00
5.274047695020000000e+11	5.285226637440000000e+11	1.000000000000000000e+00
5.287409390310000000e+11	5.281754166710000000e+11	0.000000000000000000e+00
5.204950395650000000e+11	5.269523360620000000e+11	0.000000000000000000e+00
1.952120647900000000e+10	5.291150773870000000e+11	0.000000000000000000e+00
5.288092336400000000e+11	5.242473815620000000e+11	0.000000000000000000e+00
5.214746582290000000e+11	5.273396577240000000e+11	0.000000000000000000e+00
5.278005227610000000e+11	5.286205186510000000e+11	1.000000000000000000e+00
5.290483342390000000e+11	4.517603041200000000e+10	1.000000000000000000e+00
5.279652849010000000e+11	5.254178513420000000e+11	0.000000000000000000e+00
5.287122043630000000e+11	4.567137157000000000e+10	0.000000000000000000e+00
5.273528978640000000e+11	4.515584937500000000e+10	1.000000000000000000e+00
5.290081133850000000e+11	5.268819798390000000e+11	0.000000000000000000e+00
5.274348097730000000e+11	5.280190603520000000e+11	0.000000000000000000e+00
5.290024847110000000e+11	5.294219886210000000e+11	0.000000000000000000e+00
5.201292333250000000e+11	4.360494312600000000e+10	0.000000000000000000e+00
4.555578091600000000e+10	5.279897022330000000e+11	0.000000000000000000e+00
5.281042530380000000e+11	5.277443962540000000e+11	0.000000000000000000e+00
5.272998258040000000e+11	4.428773223300000000e+10	0.000000000000000000e+00
3.822398690600000000e+10	5.281709041010000000e+11	0.000000000000000000e+00
4.412878173700000000e+10	4.416967382300000000e+10	1.000000000000000000e+00
5.270885080020000000e+11	5.285814647510000000e+11	0.000000000000000000e+00
5.279879436020000000e+11	5.281162257860000000e+11	0.000000000000000000e+00
5.274169569310000000e+11	5.284791038970000000e+11	0.000000000000000000e+00
5.279788005740000000e+11	5.282131569570000000e+11	0.000000000000000000e+00
4.451057073000000000e+10	5.276229133680000000e+11	0.000000000000000000e+00
5.279487667900000000e+11	5.271568667710000000e+11	0.000000000000000000e+00
4.569450414800000000e+10	5.289463979560000000e+11	0.000000000000000000e+00
5.233173383990000000e+11	5.275006647860000000e+11	0.000000000000000000e+00
5.283255474380000000e+11	5.200641051040000000e+11	0.000000000000000000e+00
5.279501750050000000e+11	5.272077010830000000e+11	0.000000000000000000e+00
4.553561725800000000e+10	5.279518777470000000e+11	0.000000000000000000e+00
4.482383109000000000e+10	5.279045737430000000e+11	1.000000000000000000e+00
4.426160072500000000e+10	5.278012977500000000e+11	1.000000000000000000e+00
5.202921333030000000e+11	5.244225416270000000e+11	0.000000000000000000e+00
5.278100463750000000e+11	5.271600703680000000e+11	0.000000000000000000e+00
5.273001055860000000e+11	5.277375066580000000e+11	0.000000000000000000e+00
5.202918216800000000e+11	5.282454554540000000e+11	0.000000000000000000e+00
5.279561732250000000e+11	5.275049938470000000e+11	0.000000000000000000e+00
5.201289677360000000e+11	4.544209894600000000e+10	0.000000000000000000e+00
4.422271472400000000e+10	5.282243156890000000e+11	0.000000000000000000e+00
4.426092934100000000e+10	5.285165343670000000e+11	0.000000000000000000e+00
5.290483342390000000e+11	5.272447160820000000e+11	0.000000000000000000e+00
5.290531460270000000e+11	3.882857536500000000e+10	1.000000000000000000e+00
5.277509736320000000e+11	5.270679021320000000e+11	0.000000000000000000e+00
4.449236248400000000e+10	5.280759729630000000e+11	0.000000000000000000e+00
5.272519359970000000e+11	4.400977342300000000e+10	0.000000000000000000e+00
5.274154720210000000e+11	5.280901773510000000e+11	0.000000000000000000e+00
5.282407740460000000e+11	5.280757903780000000e+11	0.000000000000000000e+00
5.272559634690000000e+11	5.281886334710000000e+11	0.000000000000000000e+00
3.862517007500000000e+10	5.287784425210000000e+11	1.000000000000000000e+00
5.290849600820000000e+11	5.281044919720000000e+11	0.000000000000000000e+00
5.289371749720000000e+11	5.294582690250000000e+11	0.000000000000000000e+00
4.568604470100000000e+10	5.264740737500000000e+11	0.000000000000000000e+00
5.279867759870000000e+11	5.258260513760000000e+11	0.000000000000000000e+00
1.751981513200000000e+10	5.280891906150000000e+11	0.000000000000000000e+00
5.273001055860000000e+11	4.235764147300000000e+10	0.000000000000000000e+00
3.662092856600000000e+10	5.283379466330000000e+11	0.000000000000000000e+00
5.201309823620000000e+11	5.202618954540000000e+11	0.000000000000000000e+00
5.280291862540000000e+11	5.253691913150000000e+11	0.000000000000000000e+00
4.482383109000000000e+10	5.274360476400000000e+11	0.000000000000000000e+00
5.255959575290000000e+11	5.280515159170000000e+11	0.000000000000000000e+00
5.288378922780000000e+11	5.271152882120000000e+11	1.000000000000000000e+00
5.277176734950000000e+11	5.270858993710000000e+11	0.000000000000000000e+00
5.254640193040000000e+11	5.287843850610000000e+11	0.000000000000000000e+00
5.294535519840000000e+11	5.283627638410000000e+11	0.000000000000000000e+00
3.822128823900000000e+10	5.286377267880000000e+11	0.000000000000000000e+00
5.279781205410000000e+11	5.271374659480000000e+11	0.000000000000000000e+00
4.565851207000000000e+10	5.290435276870000000e+11	0.000000000000000000e+00
5.273332725710000000e+11	3.922466380300000000e+10	0.000000000000000000e+00
5.280297905290000000e+11	5.274199440050000000e+11	0.000000000000000000e+00
4.570459527300000000e+10	5.265173870390000000e+11	0.000000000000000000e+00
5.276714092390000000e+11	5.290682233260000000e+11	0.000000000000000000e+00
5.280439012580000000e+11	5.283910606780000000e+11	0.000000000000000000e+00
5.279301501780000000e+11	5.273059117050000000e+11	1.000000000000000000e+00
5.270702889300000000e+11	5.210746643500000000e+11	0.000000000000000000e+00
5.208463853820000000e+11	4.492991928800000000e+10	0.000000000000000000e+00
5.280701209320000000e+11	5.290930185730000000e+11	1.000000000000000000e+00
4.468891256600000000e+10	5.283459484400000000e+11	0.000000000000000000e+00
5.294652959690000000e+11	4.426260170500000000e+10	0.000000000000000000e+00
5.275622022260000000e+11	4.469286104400000000e+10	0.000000000000000000e+00
5.279864398720000000e+11	5.289410080920000000e+11	0.000000000000000000e+00
5.271506169900000000e+11	5.276558033990000000e+11	0.000000000000000000e+00
5.273073751610000000e+11	5.206675090990000000e+11	1.000000000000000000e+00
5.274177602110000000e+11	5.281907439950000000e+11	0.000000000000000000e+00
5.293278835780000000e+11	4.400738363700000000e+10	0.000000000000000000e+00
5.287022012820000000e+11	5.252261820600000000e+11	0.000000000000000000e+00
5.255767843630000000e+11	5.280595893390000000e+11	0.000000000000000000e+00
5.289345110280000000e+11	5.272062087510000000e+11	0.000000000000000000e+00
5.276129540260000000e+11	5.276094981420000000e+11	0.000000000000000000e+00
5.280304066510000000e+11	5.276960153210000000e+11	0.000000000000000000e+00
3.822398690600000000e+10	5.283341958340000000e+11	0.000000000000000000e+00
5.280304066510000000e+11	5.283980842610000000e+11	1.000000000000000000e+00
5.265754656130000000e+11	5.283659153410000000e+11	1.000000000000000000e+00
4.566664971500000000e+10	5.273356155210000000e+11	0.000000000000000000e+00
4.036773623700000000e+10	4.390671147300000000e+10	0.000000000000000000e+00
5.275608105520000000e+11	5.284614624250000000e+11	0.000000000000000000e+00
5.279875991370000000e+11	5.269654930220000000e+11	0.000000000000000000e+00
5.210757898480000000e+11	4.476760805700000000e+10	0.000000000000000000e+00
5.279795447820000000e+11	5.261393154760000000e+11	0.000000000000000000e+00
5.279487667900000000e+11	5.260437378170000000e+11	1.000000000000000000e+00
4.451057073000000000e+10	5.280212762800000000e+11	0.000000000000000000e+00
5.294629624010000000e+11	5.205372280530000000e+11	0.000000000000000000e+00
3.909348924200000000e+10	5.285226637440000000e+11	1.000000000000000000e+00
5.274191600680000000e+11	5.281754166710000000e+11	0.000000000000000000e+00
5.274047695020000000e+11	5.269967964650000000e+11	0.000000000000000000e+00
5.287409390310000000e+11	5.269523360620000000e+11	0.000000000000000000e+00
5.204950395650000000e+11	5.291150773870000000e+11	0.000000000000000000e+00
1.952120647900000000e+10	5.260120145060000000e+11	0.000000000000000000e+00
5.288092336400000000e+11	5.261840658120000000e+11	0.000000000000000000e+00
5.251422547150000000e+11	5.273396577240000000e+11	0.000000000000000000e+00
5.273004891910000000e+11	5.286205186510000000e+11	0.000000000000000000e+00
5.278005227610000000e+11	5.283571508770000000e+11	0.000000000000000000e+00
5.290483342390000000e+11	5.264452656730000000e+11	1.000000000000000000e+00
5.280149695670000000e+11	4.461906850100000000e+10	0.000000000000000000e+00
5.279513395610000000e+11	5.279488619950000000e+11	1.000000000000000000e+00
5.289485030480000000e+11	4.281313929500000000e+10	1.000000000000000000e+00
5.279899743820000000e+11	5.280055419490000000e+11	0.000000000000000000e+00
5.290134414100000000e+11	5.278695353300000000e+11	0.000000000000000000e+00
5.215027837110000000e+11	5.290368810410000000e+11	0.000000000000000000e+00
5.272997957400000000e+11	5.262704218350000000e+11	0.000000000000000000e+00
5.273475955860000000e+11	5.272672116630000000e+11	0.000000000000000000e+00
5.289345110280000000e+11	5.269386613270000000e+11	0.000000000000000000e+00
5.225861257340000000e+11	5.230900286500000000e+11	0.000000000000000000e+00
5.280731605110000000e+11	5.270708206080000000e+11	0.000000000000000000e+00
4.505375650800000000e+10	5.271190721100000000e+11	0.000000000000000000e+00
5.234059924600000000e+11	5.276783487080000000e+11	0.000000000000000000e+00
4.419766209900000000e+10	5.269188632620000000e+11	1.000000000000000000e+00
5.289499431370000000e+11	5.277005505150000000e+11	1.000000000000000000e+00
5.280304066510000000e+11	5.272990530250000000e+11	0.000000000000000000e+00
4.381035361000000000e+10	5.275161194470000000e+11	0.000000000000000000e+00
5.277328566030000000e+11	5.285439145410000000e+11	0.000000000000000000e+00
1.952120647900000000e+10	5.283729500960000000e+11	0.000000000000000000e+00
5.207766853630000000e+11	4.473494413900000000e+10	0.000000000000000000e+00
3.719442743400000000e+10	4.420062132000000000e+10	1.000000000000000000e+00
5.287513258960000000e+11	5.283246555090000000e+11	0.000000000000000000e+00
5.272556597440000000e+11	5.280712806910000000e+11	0.000000000000000000e+00
4.482383109000000000e+10	5.269799763520000000e+11	0.000000000000000000e+00
5.284922785190000000e+11	5.284590682610000000e+11	0.000000000000000000e+00
5.233188936150000000e+11	5.289877547190000000e+11	0.000000000000000000e+00
4.455631483400000000e+10	5.276622832670000000e+11	1.000000000000000000e+00
5.290356207680000000e+11	5.273173112840000000e+11	0.000000000000000000e+00
5.286927974480000000e+11	5.257858939160000000e+11	0.000000000000000000e+00
5.271822160970000000e+11	5.277714218430000000e+11	0.000000000000000000e+00
5.289424620080000000e+11	4.461906850100000000e+10	0.000000000000000000e+00
5.272659984100000000e+11	4.281313929500000000e+10	0.000000000000000000e+00
5.289485030480000000e+11	5.280055419490000000e+11	0.000000000000000000e+00
5.279899743820000000e+11	5.275900446710000000e+11	0.000000000000000000e+00
5.279839154620000000e+11	5.205632583660000000e+11	0.000000000000000000e+00
5.233251003490000000e+11	5.278695353300000000e+11	0.000000000000000000e+00
5.290134414100000000e+11	5.290368810410000000e+11	0.000000000000000000e+00
5.215027837110000000e+11	4.032463548800000000e+10	0.000000000000000000e+00
5.256042645260000000e+11	5.259627356290000000e+11	0.000000000000000000e+00
5.289661218650000000e+11	5.275762800920000000e+11	0.000000000000000000e+00
5.294170205990000000e+11	5.262704218350000000e+11	0.000000000000000000e+00
5.272997957400000000e+11	5.272672116630000000e+11	0.000000000000000000e+00
5.279908657140000000e+11	5.269386613270000000e+11	0.000000000000000000e+00
4.418031963800000000e+10	5.230900286500000000e+11	0.000000000000000000e+00
5.225861257340000000e+11	5.270708206080000000e+11	0.000000000000000000e+00
5.280731605110000000e+11	5.271190721100000000e+11	0.000000000000000000e+00
4.505375650800000000e+10	5.278883557210000000e+11	0.000000000000000000e+00
4.505447644400000000e+10	5.276783487080000000e+11	0.000000000000000000e+00
5.234059924600000000e+11	5.269188632620000000e+11	0.000000000000000000e+00
4.419766209900000000e+10	5.277005505150000000e+11	1.000000000000000000e+00
5.289542676630000000e+11	5.207083517160000000e+11	0.000000000000000000e+00
5.280281960750000000e+11	5.272990530250000000e+11	0.000000000000000000e+00
4.381035361000000000e+10	5.279105502310000000e+11	0.000000000000000000e+00
5.282505979490000000e+11	5.283729500960000000e+11	0.000000000000000000e+00
1.952120647900000000e+10	4.473494413900000000e+10	0.000000000000000000e+00
5.207766853630000000e+11	4.420062132000000000e+10	0.000000000000000000e+00
3.719442743400000000e+10	5.283246555090000000e+11	0.000000000000000000e+00
5.287513258960000000e+11	5.276350682390000000e+11	1.000000000000000000e+00
5.279902539610000000e+11	5.280712806910000000e+11	0.000000000000000000e+00
5.272556597440000000e+11	5.273101214640000000e+11	0.000000000000000000e+00
5.294495592280000000e+11	5.285243301680000000e+11	0.000000000000000000e+00
4.403333377800000000e+10	5.269799763520000000e+11	1.000000000000000000e+00
4.482383109000000000e+10	5.284590682610000000e+11	0.000000000000000000e+00
5.284922785190000000e+11	5.289877547190000000e+11	0.000000000000000000e+00
5.233188936150000000e+11	5.276622832670000000e+11	0.000000000000000000e+00
4.455631483400000000e+10	5.273173112840000000e+11	0.000000000000000000e+00
5.290356207680000000e+11	5.257858939160000000e+11	0.000000000000000000e+00
5.286927974480000000e+11	5.277714218430000000e+11	0.000000000000000000e+00
5.271822160970000000e+11	5.288193530540000000e+11	0.000000000000000000e+00
5.289485030480000000e+11	5.262361204850000000e+11	0.000000000000000000e+00
5.265873365990000000e+11	4.444855648100000000e+10	0.000000000000000000e+00
5.211175668130000000e+11	5.203690976700000000e+11	0.000000000000000000e+00
5.282334555460000000e+11	5.287296626170000000e+11	0.000000000000000000e+00
5.289345110280000000e+11	5.294435237480000000e+11	0.000000000000000000e+00
5.200030857930000000e+11	4.437763738600000000e+10	0.000000000000000000e+00
5.255248179450000000e+11	5.272605829690000000e+11	0.000000000000000000e+00
5.278985791660000000e+11	5.274978888060000000e+11	0.000000000000000000e+00
5.255590149050000000e+11	3.683262730800000000e+10	0.000000000000000000e+00
4.422271472400000000e+10	5.277367780430000000e+11	0.000000000000000000e+00
5.277160137920000000e+11	5.206591802000000000e+11	0.000000000000000000e+00
3.720032041200000000e+10	5.270496777630000000e+11	0.000000000000000000e+00
4.555902335100000000e+10	5.290661986460000000e+11	0.000000000000000000e+00
5.279616018140000000e+11	4.378165142400000000e+10	0.000000000000000000e+00
5.290024847110000000e+11	4.388049023300000000e+10	0.000000000000000000e+00
5.273981858140000000e+11	4.432112703900000000e+10	0.000000000000000000e+00
5.279905793860000000e+11	5.273530630250000000e+11	0.000000000000000000e+00
5.265732492900000000e+11	5.275748697930000000e+11	0.000000000000000000e+00
4.321671076000000000e+10	5.278444987740000000e+11	1.000000000000000000e+00
4.476128256300000000e+10	5.269231237450000000e+11	1.000000000000000000e+00
5.279754200760000000e+11	5.257227750190000000e+11	0.000000000000000000e+00
5.287087279240000000e+11	3.831706871900000000e+10	0.000000000000000000e+00
5.279905793860000000e+11	5.279644297450000000e+11	0.000000000000000000e+00
5.289489270910000000e+11	5.293292513900000000e+11	0.000000000000000000e+00
5.261673763180000000e+11	5.282174842570000000e+11	1.000000000000000000e+00
5.204950395650000000e+11	5.274387520390000000e+11	0.000000000000000000e+00
5.272998258040000000e+11	5.274285329920000000e+11	0.000000000000000000e+00
5.290134414100000000e+11	5.277339228190000000e+11	1.000000000000000000e+00
5.289903310890000000e+11	5.269540269880000000e+11	0.000000000000000000e+00
3.902809502600000000e+10	5.286197264130000000e+11	0.000000000000000000e+00
5.289852392190000000e+11	5.272775698520000000e+11	0.000000000000000000e+00
5.273987774770000000e+11	5.282664664750000000e+11	0.000000000000000000e+00
5.279011946140000000e+11	4.556944341300000000e+10	0.000000000000000000e+00
3.909348924200000000e+10	3.911233415700000000e+10	0.000000000000000000e+00
5.290849600820000000e+11	5.273910804790000000e+11	0.000000000000000000e+00
5.289888399420000000e+11	5.274285329920000000e+11	1.000000000000000000e+00
5.231643883930000000e+11	5.275742995690000000e+11	0.000000000000000000e+00
5.279902539610000000e+11	5.272728212340000000e+11	0.000000000000000000e+00
5.289424620080000000e+11	5.283571508770000000e+11	0.000000000000000000e+00
5.280149695670000000e+11	5.264452656730000000e+11	1.000000000000000000e+00
5.279513395610000000e+11	5.216060404650000000e+11	0.000000000000000000e+00
5.279899743820000000e+11	4.329225312000000000e+10	0.000000000000000000e+00
5.279839154620000000e+11	4.281313929500000000e+10	0.000000000000000000e+00
5.290134414100000000e+11	5.275900446710000000e+11	0.000000000000000000e+00
5.215027837110000000e+11	5.205632583660000000e+11	0.000000000000000000e+00
5.256042645260000000e+11	5.278695353300000000e+11	0.000000000000000000e+00
5.289661218650000000e+11	5.290368810410000000e+11	0.000000000000000000e+00
5.294170205990000000e+11	4.032463548800000000e+10	1.000000000000000000e+00
5.272997957400000000e+11	5.259627356290000000e+11	0.000000000000000000e+00
5.273475955860000000e+11	5.275762800920000000e+11	1.000000000000000000e+00
5.279908657140000000e+11	5.262704218350000000e+11	0.000000000000000000e+00
5.289345110280000000e+11	5.272672116630000000e+11	0.000000000000000000e+00
4.418031963800000000e+10	1.990642102700000000e+10	1.000000000000000000e+00
5.225861257340000000e+11	5.269386613270000000e+11	0.000000000000000000e+00
5.280731605110000000e+11	5.277206296490000000e+11	0.000000000000000000e+00
4.505375650800000000e+10	5.230900286500000000e+11	0.000000000000000000e+00
5.234059924600000000e+11	5.271190721100000000e+11	0.000000000000000000e+00
4.419766209900000000e+10	5.278883557210000000e+11	1.000000000000000000e+00
5.289542676630000000e+11	5.269188632620000000e+11	0.000000000000000000e+00
5.270880401110000000e+11	5.277005505150000000e+11	1.000000000000000000e+00
5.280281960750000000e+11	4.009385236600000000e+10	1.000000000000000000e+00
5.280304066510000000e+11	5.207083517160000000e+11	1.000000000000000000e+00
4.381035361000000000e+10	5.271076573990000000e+11	0.000000000000000000e+00
5.279478986200000000e+11	5.272990530250000000e+11	0.000000000000000000e+00
5.277328566030000000e+11	5.275161194470000000e+11	1.000000000000000000e+00
1.952120647900000000e+10	5.285439145410000000e+11	0.000000000000000000e+00
3.719442743400000000e+10	5.283729500960000000e+11	0.000000000000000000e+00
5.287513258960000000e+11	4.473494413900000000e+10	0.000000000000000000e+00
5.279902539610000000e+11	4.420062132000000000e+10	0.000000000000000000e+00
5.272556597440000000e+11	5.283246555090000000e+11	0.000000000000000000e+00
5.294495592280000000e+11	5.276350682390000000e+11	1.000000000000000000e+00
4.403333377800000000e+10	5.280712806910000000e+11	0.000000000000000000e+00
5.284922785190000000e+11	5.285243301680000000e+11	0.000000000000000000e+00
5.233188936150000000e+11	5.269799763520000000e+11	0.000000000000000000e+00
4.455631483400000000e+10	5.284590682610000000e+11	0.000000000000000000e+00
5.290356207680000000e+11	5.289877547190000000e+11	0.000000000000000000e+00
5.286927974480000000e+11	5.276622832670000000e+11	1.000000000000000000e+00
5.271822160970000000e+11	5.273173112840000000e+11	0.000000000000000000e+00
5.289485030480000000e+11	5.257858939160000000e+11	0.000000000000000000e+00
5.265873365990000000e+11	5.277714218430000000e+11	1.000000000000000000e+00
5.282334555460000000e+11	5.262361204850000000e+11	0.000000000000000000e+00
5.289345110280000000e+11	4.444855648100000000e+10	1.000000000000000000e+00
3.744137916400000000e+10	5.203690976700000000e+11	0.000000000000000000e+00
5.200030857930000000e+11	5.287296626170000000e+11	0.000000000000000000e+00
5.278985791660000000e+11	5.290769924740000000e+11	1.000000000000000000e+00
5.280065935230000000e+11	4.437763738600000000e+10	1.000000000000000000e+00
5.255590149050000000e+11	5.272605829690000000e+11	0.000000000000000000e+00
4.422271472400000000e+10	5.274978888060000000e+11	0.000000000000000000e+00
5.294785053110000000e+11	5.279104999920000000e+11	1.000000000000000000e+00
5.277160137920000000e+11	3.683262730800000000e+10	0.000000000000000000e+00
3.720032041200000000e+10	5.277367780430000000e+11	0.000000000000000000e+00
5.208157622890000000e+11	4.491254455900000000e+10	1.000000000000000000e+00
4.555902335100000000e+10	5.206591802000000000e+11	0.000000000000000000e+00
5.279616018140000000e+11	5.270496777630000000e+11	1.000000000000000000e+00
5.290024847110000000e+11	4.578422814700000000e+10	0.000000000000000000e+00
5.290340481280000000e+11	4.378165142400000000e+10	0.000000000000000000e+00
5.286927974480000000e+11	4.388049023300000000e+10	0.000000000000000000e+00
5.279905793860000000e+11	4.432112703900000000e+10	1.000000000000000000e+00
5.265732492900000000e+11	5.290721724590000000e+11	1.000000000000000000e+00
4.321671076000000000e+10	5.276958997440000000e+11	1.000000000000000000e+00
4.476128256300000000e+10	5.273530630250000000e+11	0.000000000000000000e+00
5.279754200760000000e+11	5.275748697930000000e+11	1.000000000000000000e+00
5.284422776200000000e+11	5.278444987740000000e+11	1.000000000000000000e+00
5.287087279240000000e+11	5.269231237450000000e+11	0.000000000000000000e+00
5.279905793860000000e+11	5.257227750190000000e+11	1.000000000000000000e+00
5.289969313540000000e+11	5.274562961160000000e+11	1.000000000000000000e+00
4.563790110400000000e+10	3.831706871900000000e+10	0.000000000000000000e+00
5.279487667900000000e+11	5.279644297450000000e+11	0.000000000000000000e+00
5.289489270910000000e+11	5.254592550550000000e+11	1.000000000000000000e+00
5.261673763180000000e+11	5.273339069800000000e+11	1.000000000000000000e+00
5.272998258040000000e+11	5.293292513900000000e+11	0.000000000000000000e+00
5.290134414100000000e+11	5.282174842570000000e+11	1.000000000000000000e+00
5.239120237780000000e+11	5.274387520390000000e+11	0.000000000000000000e+00
5.284333981010000000e+11	5.274285329920000000e+11	1.000000000000000000e+00
5.289903310890000000e+11	5.277339228190000000e+11	1.000000000000000000e+00
3.902809502600000000e+10	4.456250208200000000e+10	0.000000000000000000e+00
5.289852392190000000e+11	5.270067314200000000e+11	0.000000000000000000e+00
5.273987774770000000e+11	5.269540269880000000e+11	0.000000000000000000e+00
5.279011946140000000e+11	5.286197264130000000e+11	1.000000000000000000e+00
3.909348924200000000e+10	5.272775698520000000e+11	0.000000000000000000e+00
5.290849600820000000e+11	4.556944341300000000e+10	0.000000000000000000e+00
5.289888399420000000e+11	3.911233415700000000e+10	1.000000000000000000e+00
5.231643883930000000e+11	5.277749858100000000e+11	0.000000000000000000e+00
5.279864632230000000e+11	5.274285329920000000e+11	0.000000000000000000e+00
4.410207321700000000e+10	5.283524336020000000e+11	1.000000000000000000e+00
5.282380501960000000e+11	5.285886585370000000e+11	0.000000000000000000e+00
5.293278835780000000e+11	5.259098487910000000e+11	1.000000000000000000e+00
4.457520806200000000e+10	5.301391781250000000e+11	1.000000000000000000e+00
5.206399964170000000e+11	5.283801622610000000e+11	0.000000000000000000e+00
5.284094403930000000e+11	5.260164134520000000e+11	0.000000000000000000e+00
5.294176448430000000e+11	1.826130236000000000e+10	0.000000000000000000e+00
5.286031648320000000e+11	4.573931330200000000e+10	0.000000000000000000e+00
5.278038632290000000e+11	5.212278248250000000e+11	0.000000000000000000e+00
5.276654713990000000e+11	5.273469319770000000e+11	0.000000000000000000e+00
5.279782926980000000e+11	5.281710801290000000e+11	0.000000000000000000e+00
5.285201554850000000e+11	5.214313614130000000e+11	0.000000000000000000e+00
5.289542676630000000e+11	5.289699682550000000e+11	1.000000000000000000e+00
5.273882583930000000e+11	5.271479564040000000e+11	0.000000000000000000e+00
5.202935827600000000e+11	5.293310136710000000e+11	1.000000000000000000e+00
5.290897610000000000e+11	5.251821410520000000e+11	0.000000000000000000e+00
5.254812123520000000e+11	5.212671845410000000e+11	0.000000000000000000e+00
5.237781730480000000e+11	5.271641022320000000e+11	0.000000000000000000e+00
4.554437104300000000e+10	4.382900053800000000e+10	0.000000000000000000e+00
5.273077141490000000e+11	5.265104277860000000e+11	0.000000000000000000e+00
5.263837017080000000e+11	3.794520209900000000e+10	0.000000000000000000e+00
4.410716427100000000e+10	5.278803529070000000e+11	0.000000000000000000e+00
5.294309889590000000e+11	5.269230851090000000e+11	0.000000000000000000e+00
4.548899067900000000e+10	5.285012040740000000e+11	0.000000000000000000e+00
5.287200844930000000e+11	5.277543300420000000e+11	0.000000000000000000e+00
5.273882583930000000e+11	5.271318055590000000e+11	0.000000000000000000e+00
5.278812726380000000e+11	5.279293687550000000e+11	0.000000000000000000e+00
5.237564136030000000e+11	5.283801622610000000e+11	0.000000000000000000e+00
5.270885483810000000e+11	5.291162181780000000e+11	0.000000000000000000e+00
4.378256578300000000e+10	5.274141526700000000e+11	0.000000000000000000e+00
5.229919283560000000e+11	5.280511391980000000e+11	0.000000000000000000e+00
4.415683587500000000e+10	4.110945806100000000e+10	0.000000000000000000e+00
5.264282638980000000e+11	5.230412858570000000e+11	0.000000000000000000e+00
5.271526420370000000e+11	5.250634217030000000e+11	0.000000000000000000e+00
5.294785053110000000e+11	5.277206641780000000e+11	0.000000000000000000e+00
1.763301097100000000e+10	5.288627413310000000e+11	0.000000000000000000e+00
5.279629643830000000e+11	4.492991928800000000e+10	0.000000000000000000e+00
5.208463853820000000e+11	5.290930185730000000e+11	0.000000000000000000e+00
5.280701209320000000e+11	5.283459484400000000e+11	0.000000000000000000e+00
5.294652959690000000e+11	4.469286104400000000e+10	0.000000000000000000e+00
5.275622022260000000e+11	5.260030907020000000e+11	0.000000000000000000e+00
5.279080871170000000e+11	5.289410080920000000e+11	0.000000000000000000e+00
5.279864398720000000e+11	5.276558033990000000e+11	0.000000000000000000e+00
5.271506169900000000e+11	5.206675090990000000e+11	0.000000000000000000e+00
5.273073751610000000e+11	5.281907439950000000e+11	0.000000000000000000e+00
5.280304066510000000e+11	5.229701212070000000e+11	1.000000000000000000e+00
5.293278835780000000e+11	5.252261820600000000e+11	0.000000000000000000e+00
5.287022012820000000e+11	5.280595893390000000e+11	0.000000000000000000e+00
5.255767843630000000e+11	5.272062087510000000e+11	0.000000000000000000e+00
5.289345110280000000e+11	5.276094981420000000e+11	0.000000000000000000e+00
5.276129540260000000e+11	5.278970546220000000e+11	0.000000000000000000e+00
5.289424620080000000e+11	5.294441196050000000e+11	1.000000000000000000e+00
5.270448549020000000e+11	5.276960153210000000e+11	0.000000000000000000e+00
5.280304066510000000e+11	5.283341958340000000e+11	0.000000000000000000e+00
3.822398690600000000e+10	5.283980842610000000e+11	0.000000000000000000e+00
5.280304066510000000e+11	5.283659153410000000e+11	0.000000000000000000e+00
5.265754656130000000e+11	5.273356155210000000e+11	0.000000000000000000e+00
4.566664971500000000e+10	4.390671147300000000e+10	0.000000000000000000e+00
5.283278351000000000e+11	5.284614624250000000e+11	0.000000000000000000e+00
5.279875991370000000e+11	4.476760805700000000e+10	1.000000000000000000e+00
5.210757898480000000e+11	5.261393154760000000e+11	0.000000000000000000e+00
5.279795447820000000e+11	5.275564987410000000e+11	0.000000000000000000e+00
5.282505979490000000e+11	5.260437378170000000e+11	0.000000000000000000e+00
4.451057073000000000e+10	5.205372280530000000e+11	0.000000000000000000e+00
5.294629624010000000e+11	5.285226637440000000e+11	0.000000000000000000e+00
5.287409390310000000e+11	5.207358623540000000e+11	0.000000000000000000e+00
5.272519359970000000e+11	5.291150773870000000e+11	0.000000000000000000e+00
5.294758770650000000e+11	5.260120145060000000e+11	0.000000000000000000e+00
1.952120647900000000e+10	5.261840658120000000e+11	0.000000000000000000e+00
5.288092336400000000e+11	5.273396577240000000e+11	0.000000000000000000e+00
5.273004891910000000e+11	4.517603041200000000e+10	0.000000000000000000e+00
5.214746582290000000e+11	5.283571508770000000e+11	1.000000000000000000e+00
5.265873365990000000e+11	5.262361204850000000e+11	0.000000000000000000e+00
5.211175668130000000e+11	4.444855648100000000e+10	1.000000000000000000e+00
5.282334555460000000e+11	5.203690976700000000e+11	0.000000000000000000e+00
5.200030857930000000e+11	5.290769924740000000e+11	0.000000000000000000e+00
5.255248179450000000e+11	4.437763738600000000e+10	1.000000000000000000e+00
5.278985791660000000e+11	5.272605829690000000e+11	0.000000000000000000e+00
5.280065935230000000e+11	5.274978888060000000e+11	0.000000000000000000e+00
4.422271472400000000e+10	3.683262730800000000e+10	0.000000000000000000e+00
5.294785053110000000e+11	5.277367780430000000e+11	0.000000000000000000e+00
5.277160137920000000e+11	4.491254455900000000e+10	0.000000000000000000e+00
3.720032041200000000e+10	5.206591802000000000e+11	0.000000000000000000e+00
4.555902335100000000e+10	4.578422814700000000e+10	0.000000000000000000e+00
5.279616018140000000e+11	5.290661986460000000e+11	0.000000000000000000e+00
5.290024847110000000e+11	4.378165142400000000e+10	0.000000000000000000e+00
5.273981858140000000e+11	4.388049023300000000e+10	0.000000000000000000e+00
4.321671076000000000e+10	5.275748697930000000e+11	1.000000000000000000e+00
4.476128256300000000e+10	5.278444987740000000e+11	0.000000000000000000e+00
5.279754200760000000e+11	5.269231237450000000e+11	0.000000000000000000e+00
5.279905793860000000e+11	3.831706871900000000e+10	0.000000000000000000e+00
5.289969313540000000e+11	5.279644297450000000e+11	0.000000000000000000e+00
5.279487667900000000e+11	5.273339069800000000e+11	1.000000000000000000e+00
5.289489270910000000e+11	5.279620087100000000e+11	1.000000000000000000e+00
5.261673763180000000e+11	5.293292513900000000e+11	0.000000000000000000e+00
5.272998258040000000e+11	5.274387520390000000e+11	0.000000000000000000e+00
5.290134414100000000e+11	5.274285329920000000e+11	1.000000000000000000e+00
5.239120237780000000e+11	5.277339228190000000e+11	1.000000000000000000e+00
5.289903310890000000e+11	5.270067314200000000e+11	0.000000000000000000e+00
3.902809502600000000e+10	5.269540269880000000e+11	0.000000000000000000e+00
5.273987774770000000e+11	5.272775698520000000e+11	0.000000000000000000e+00
3.909348924200000000e+10	4.556944341300000000e+10	1.000000000000000000e+00
5.289888399420000000e+11	5.273910804790000000e+11	0.000000000000000000e+00
5.231643883930000000e+11	5.274285329920000000e+11	0.000000000000000000e+00
5.279902539610000000e+11	5.275742995690000000e+11	0.000000000000000000e+00
5.279864632230000000e+11	5.272728212340000000e+11	0.000000000000000000e+00
5.279652849010000000e+11	5.292524244890000000e+11	0.000000000000000000e+00
5.287122043630000000e+11	5.254178513420000000e+11	0.000000000000000000e+00
5.273528978640000000e+11	4.567137157000000000e+10	0.000000000000000000e+00
5.290081133850000000e+11	4.515584937500000000e+10	0.000000000000000000e+00
5.279513395610000000e+11	5.268819798390000000e+11	0.000000000000000000e+00
5.274348097730000000e+11	5.282990924420000000e+11	0.000000000000000000e+00
5.290024847110000000e+11	5.280190603520000000e+11	0.000000000000000000e+00
5.294170205990000000e+11	5.294219886210000000e+11	0.000000000000000000e+00
5.201292333250000000e+11	5.277183372140000000e+11	0.000000000000000000e+00
4.555578091600000000e+10	4.360494312600000000e+10	0.000000000000000000e+00
5.281042530380000000e+11	5.279897022330000000e+11	0.000000000000000000e+00
5.290700139480000000e+11	5.277443962540000000e+11	0.000000000000000000e+00
5.272998258040000000e+11	5.274927658490000000e+11	0.000000000000000000e+00
4.462662397800000000e+10	4.428773223300000000e+10	0.000000000000000000e+00
4.436149452500000000e+10	5.269659201250000000e+11	0.000000000000000000e+00
3.822398690600000000e+10	5.226374023610000000e+11	0.000000000000000000e+00
4.412878173700000000e+10	5.281709041010000000e+11	0.000000000000000000e+00
5.279301501780000000e+11	4.416967382300000000e+10	0.000000000000000000e+00
5.270885080020000000e+11	5.290289534370000000e+11	0.000000000000000000e+00
5.279879436020000000e+11	5.285814647510000000e+11	0.000000000000000000e+00
5.274169569310000000e+11	5.281162257860000000e+11	0.000000000000000000e+00
4.561949828500000000e+10	5.284791038970000000e+11	0.000000000000000000e+00
5.279509433820000000e+11	5.281337961180000000e+11	0.000000000000000000e+00
5.279788005740000000e+11	5.265878903370000000e+11	0.000000000000000000e+00
4.451057073000000000e+10	5.282131569570000000e+11	0.000000000000000000e+00
5.279487667900000000e+11	5.276229133680000000e+11	0.000000000000000000e+00
4.569450414800000000e+10	5.271568667710000000e+11	0.000000000000000000e+00
5.233173383990000000e+11	5.289463979560000000e+11	0.000000000000000000e+00
5.202504327300000000e+11	5.275006647860000000e+11	0.000000000000000000e+00
5.283255474380000000e+11	5.290157259120000000e+11	0.000000000000000000e+00
5.290683575780000000e+11	5.200641051040000000e+11	0.000000000000000000e+00
5.279501750050000000e+11	5.284373303510000000e+11	0.000000000000000000e+00
4.553561725800000000e+10	5.272077010830000000e+11	0.000000000000000000e+00
4.403530978000000000e+10	5.279518777470000000e+11	0.000000000000000000e+00
4.482383109000000000e+10	5.272213995940000000e+11	0.000000000000000000e+00
4.426160072500000000e+10	5.279045737430000000e+11	0.000000000000000000e+00
4.561393065900000000e+10	5.278012977500000000e+11	0.000000000000000000e+00
5.202921333030000000e+11	5.279970349260000000e+11	0.000000000000000000e+00
5.278100463750000000e+11	5.244225416270000000e+11	0.000000000000000000e+00
5.273001055860000000e+11	5.271600703680000000e+11	0.000000000000000000e+00
5.202918216800000000e+11	5.277375066580000000e+11	0.000000000000000000e+00
5.279561732250000000e+11	5.282454554540000000e+11	0.000000000000000000e+00
4.457401286900000000e+10	5.275049938470000000e+11	0.000000000000000000e+00
5.201289677360000000e+11	5.281709041010000000e+11	0.000000000000000000e+00
4.422271472400000000e+10	4.544209894600000000e+10	0.000000000000000000e+00
5.201309823620000000e+11	5.282243156890000000e+11	0.000000000000000000e+00
5.290483342390000000e+11	5.272204525430000000e+11	0.000000000000000000e+00
4.426092934100000000e+10	5.279029158710000000e+11	0.000000000000000000e+00
5.261673763180000000e+11	5.285165343670000000e+11	0.000000000000000000e+00
5.286860986390000000e+11	5.280720607400000000e+11	0.000000000000000000e+00
5.290185731060000000e+11	3.750767245500000000e+10	0.000000000000000000e+00
5.202504222530000000e+11	5.298423040900000000e+11	1.000000000000000000e+00
5.290403920540000000e+11	5.285361932230000000e+11	1.000000000000000000e+00
5.285213030500000000e+11	5.293457956610000000e+11	1.000000000000000000e+00
5.290417447800000000e+11	4.337142039300000000e+10	0.000000000000000000e+00
5.270745775370000000e+11	4.582738418100000000e+10	0.000000000000000000e+00
4.561884290300000000e+10	1.981464681000000000e+10	0.000000000000000000e+00
5.204220328350000000e+11	4.582725683500000000e+10	0.000000000000000000e+00
5.255178550340000000e+11	5.292524244890000000e+11	0.000000000000000000e+00
5.296785026590000000e+11	5.208290030010000000e+11	0.000000000000000000e+00
5.277574626870000000e+11	4.553561725800000000e+10	1.000000000000000000e+00
5.279979116230000000e+11	5.251082221310000000e+11	0.000000000000000000e+00
5.265866447610000000e+11	5.280355243990000000e+11	0.000000000000000000e+00
5.280377277900000000e+11	4.388776807700000000e+10	0.000000000000000000e+00
5.269244299110000000e+11	5.281597738780000000e+11	1.000000000000000000e+00
4.522193776000000000e+10	5.264701178910000000e+11	0.000000000000000000e+00
5.289463916520000000e+11	5.271049259850000000e+11	1.000000000000000000e+00
4.426198012200000000e+10	5.275908547540000000e+11	0.000000000000000000e+00
5.283847739020000000e+11	5.230900286500000000e+11	0.000000000000000000e+00
5.269247591600000000e+11	5.277005505150000000e+11	0.000000000000000000e+00
5.280069859780000000e+11	5.270712781910000000e+11	0.000000000000000000e+00
5.208157622890000000e+11	5.274249975740000000e+11	0.000000000000000000e+00
5.273636611530000000e+11	5.281612323170000000e+11	1.000000000000000000e+00
5.254592550550000000e+11	5.271579812090000000e+11	1.000000000000000000e+00
5.279788005740000000e+11	5.245111515310000000e+11	0.000000000000000000e+00
5.276129540260000000e+11	5.282130934060000000e+11	0.000000000000000000e+00
3.952613697900000000e+10	5.265306439990000000e+11	0.000000000000000000e+00
5.290234885590000000e+11	5.285730038100000000e+11	0.000000000000000000e+00
5.294104350310000000e+11	5.278884478930000000e+11	0.000000000000000000e+00
5.208466056750000000e+11	4.524911047500000000e+10	0.000000000000000000e+00
5.277693151730000000e+11	5.280381745980000000e+11	0.000000000000000000e+00
5.279293687550000000e+11	5.270082399090000000e+11	0.000000000000000000e+00
5.280436973570000000e+11	5.269373654310000000e+11	0.000000000000000000e+00
4.517738264000000000e+10	5.269655175700000000e+11	1.000000000000000000e+00
4.410207321700000000e+10	5.258690737580000000e+11	0.000000000000000000e+00
5.282380501960000000e+11	5.283524336020000000e+11	0.000000000000000000e+00
5.210475137840000000e+11	5.285886585370000000e+11	1.000000000000000000e+00
4.285260649800000000e+10	5.284444399940000000e+11	0.000000000000000000e+00
5.293278835780000000e+11	5.295551527950000000e+11	1.000000000000000000e+00
5.270745775370000000e+11	5.301391781250000000e+11	0.000000000000000000e+00
5.206399964170000000e+11	4.398848063600000000e+10	0.000000000000000000e+00
5.284094403930000000e+11	5.283801622610000000e+11	0.000000000000000000e+00
5.294176448430000000e+11	5.260164134520000000e+11	0.000000000000000000e+00
5.286031648320000000e+11	1.826130236000000000e+10	0.000000000000000000e+00
5.290545494920000000e+11	4.573931330200000000e+10	0.000000000000000000e+00
5.260273642710000000e+11	4.431916712200000000e+10	0.000000000000000000e+00
5.278038632290000000e+11	5.264387985850000000e+11	0.000000000000000000e+00
5.276654713990000000e+11	5.212278248250000000e+11	0.000000000000000000e+00
5.289542676630000000e+11	5.214313614130000000e+11	0.000000000000000000e+00
5.273882583930000000e+11	5.289699682550000000e+11	1.000000000000000000e+00
5.202935827600000000e+11	5.271479564040000000e+11	0.000000000000000000e+00
5.237781730480000000e+11	5.212671845410000000e+11	0.000000000000000000e+00
4.554437104300000000e+10	5.271641022320000000e+11	0.000000000000000000e+00
5.273077141490000000e+11	4.382900053800000000e+10	0.000000000000000000e+00
5.279857994560000000e+11	5.265104277860000000e+11	0.000000000000000000e+00
5.263837017080000000e+11	5.208732790120000000e+11	0.000000000000000000e+00
4.410716427100000000e+10	3.794520209900000000e+10	0.000000000000000000e+00
5.294309889590000000e+11	5.278803529070000000e+11	0.000000000000000000e+00
4.455749458500000000e+10	5.269230851090000000e+11	0.000000000000000000e+00
4.548899067900000000e+10	5.265369088420000000e+11	1.000000000000000000e+00
5.287200844930000000e+11	5.285012040740000000e+11	0.000000000000000000e+00
5.273882583930000000e+11	5.277543300420000000e+11	0.000000000000000000e+00
5.278812726380000000e+11	5.271318055590000000e+11	0.000000000000000000e+00
5.237564136030000000e+11	5.279293687550000000e+11	0.000000000000000000e+00
5.282532532420000000e+11	5.283801622610000000e+11	0.000000000000000000e+00
5.270885483810000000e+11	5.277772688100000000e+11	0.000000000000000000e+00
5.287122043630000000e+11	5.291162181780000000e+11	0.000000000000000000e+00
4.378256578300000000e+10	5.281497573160000000e+11	0.000000000000000000e+00
5.229919283560000000e+11	5.274141526700000000e+11	0.000000000000000000e+00
4.415683587500000000e+10	5.280511391980000000e+11	1.000000000000000000e+00
5.264282638980000000e+11	4.110945806100000000e+10	0.000000000000000000e+00
5.271526420370000000e+11	5.230412858570000000e+11	0.000000000000000000e+00
5.294785053110000000e+11	5.250634217030000000e+11	0.000000000000000000e+00
1.763301097100000000e+10	5.277206641780000000e+11	0.000000000000000000e+00
5.207741752300000000e+11	5.288627413310000000e+11	0.000000000000000000e+00
5.290483342390000000e+11	5.286227319740000000e+11	0.000000000000000000e+00
5.277509736320000000e+11	3.882857536500000000e+10	0.000000000000000000e+00
5.280580929290000000e+11	5.270679021320000000e+11	0.000000000000000000e+00
4.449236248400000000e+10	5.219418099130000000e+11	0.000000000000000000e+00
5.274154720210000000e+11	4.400977342300000000e+10	0.000000000000000000e+00
5.282407740460000000e+11	5.280901773510000000e+11	0.000000000000000000e+00
5.272559634690000000e+11	3.871571897700000000e+10	0.000000000000000000e+00
5.290849600820000000e+11	5.287784425210000000e+11	0.000000000000000000e+00
5.289371749720000000e+11	5.281044919720000000e+11	0.000000000000000000e+00
4.568604470100000000e+10	5.274436459460000000e+11	0.000000000000000000e+00
1.751981513200000000e+10	5.258260513760000000e+11	0.000000000000000000e+00
5.273001055860000000e+11	5.280891906150000000e+11	0.000000000000000000e+00
4.405538407900000000e+10	4.235764147300000000e+10	0.000000000000000000e+00
5.201309823620000000e+11	5.283379466330000000e+11	0.000000000000000000e+00
5.280291862540000000e+11	5.202618954540000000e+11	0.000000000000000000e+00
4.482383109000000000e+10	5.253691913150000000e+11	0.000000000000000000e+00
5.288378922780000000e+11	5.269181105960000000e+11	0.000000000000000000e+00
4.449236248400000000e+10	5.271152882120000000e+11	0.000000000000000000e+00
5.277176734950000000e+11	5.273134869980000000e+11	0.000000000000000000e+00
5.254640193040000000e+11	5.270858993710000000e+11	0.000000000000000000e+00
3.822128823900000000e+10	5.283627638410000000e+11	0.000000000000000000e+00
5.212074821860000000e+11	5.286377267880000000e+11	0.000000000000000000e+00
5.271292465810000000e+11	5.290435276870000000e+11	0.000000000000000000e+00
5.273479431050000000e+11	5.262278854440000000e+11	0.000000000000000000e+00
5.273332725710000000e+11	4.374555083100000000e+10	0.000000000000000000e+00
5.280297905290000000e+11	3.922466380300000000e+10	0.000000000000000000e+00
4.570459527300000000e+10	5.274199440050000000e+11	0.000000000000000000e+00
5.276714092390000000e+11	5.265173870390000000e+11	0.000000000000000000e+00
4.422271472400000000e+10	5.210746643500000000e+11	0.000000000000000000e+00
5.255730299170000000e+11	5.280863433940000000e+11	0.000000000000000000e+00
5.278399808020000000e+11	5.205744069850000000e+11	0.000000000000000000e+00
5.279037274470000000e+11	5.206237194970000000e+11	0.000000000000000000e+00
5.246758361950000000e+11	4.492991928800000000e+10	0.000000000000000000e+00
5.229720192390000000e+11	5.270965309440000000e+11	0.000000000000000000e+00
5.208466056750000000e+11	5.218795196480000000e+11	0.000000000000000000e+00
5.274009012640000000e+11	5.282034129340000000e+11	0.000000000000000000e+00
5.277697974810000000e+11	5.280381745980000000e+11	0.000000000000000000e+00
4.426160072500000000e+10	5.205663836520000000e+11	0.000000000000000000e+00
5.273069062290000000e+11	4.580723350300000000e+10	0.000000000000000000e+00
5.215027837110000000e+11	5.277772688100000000e+11	1.000000000000000000e+00
5.273463318330000000e+11	4.401663490500000000e+10	0.000000000000000000e+00
5.275639300570000000e+11	4.489422446700000000e+10	0.000000000000000000e+00
4.499036672000000000e+10	4.386751799300000000e+10	0.000000000000000000e+00
5.275165075860000000e+11	5.280325347390000000e+11	0.000000000000000000e+00
4.561793043500000000e+10	3.886091695900000000e+10	0.000000000000000000e+00
5.290326849620000000e+11	5.205698781970000000e+11	0.000000000000000000e+00
5.280361181360000000e+11	5.264809904140000000e+11	0.000000000000000000e+00
5.233681250210000000e+11	5.277070278930000000e+11	0.000000000000000000e+00
5.283287720010000000e+11	5.275416001300000000e+11	0.000000000000000000e+00
5.273463318330000000e+11	5.271209126640000000e+11	0.000000000000000000e+00
5.273140018050000000e+11	5.276462839590000000e+11	0.000000000000000000e+00
5.271292465810000000e+11	5.201675087480000000e+11	0.000000000000000000e+00
4.418031963800000000e+10	5.271695478130000000e+11	0.000000000000000000e+00
5.277697974810000000e+11	5.271735302900000000e+11	0.000000000000000000e+00
5.273636611530000000e+11	5.280125376190000000e+11	0.000000000000000000e+00
4.447231186300000000e+10	5.289749402070000000e+11	0.000000000000000000e+00
4.422271472400000000e+10	4.430095118700000000e+10	0.000000000000000000e+00
5.290081133850000000e+11	5.271393369600000000e+11	0.000000000000000000e+00
5.276632277510000000e+11	5.280863433940000000e+11	0.000000000000000000e+00
5.255730299170000000e+11	5.205744069850000000e+11	0.000000000000000000e+00
5.278399808020000000e+11	5.206237194970000000e+11	0.000000000000000000e+00
5.279037274470000000e+11	5.275548915630000000e+11	0.000000000000000000e+00
5.265732492900000000e+11	5.283720774680000000e+11	0.000000000000000000e+00
4.563788956100000000e+10	5.291064927310000000e+11	0.000000000000000000e+00
5.270880401110000000e+11	5.280391326060000000e+11	0.000000000000000000e+00
5.246758361950000000e+11	5.270965309440000000e+11	0.000000000000000000e+00
5.229720192390000000e+11	5.287429796970000000e+11	0.000000000000000000e+00
4.422473723200000000e+10	5.218795196480000000e+11	0.000000000000000000e+00
5.208466056750000000e+11	5.231554799960000000e+11	0.000000000000000000e+00
5.280580929290000000e+11	5.282034129340000000e+11	0.000000000000000000e+00
5.274009012640000000e+11	5.280381745980000000e+11	0.000000000000000000e+00
5.277697974810000000e+11	5.276302412430000000e+11	0.000000000000000000e+00
5.202918216800000000e+11	4.494278245700000000e+10	0.000000000000000000e+00
5.279616018140000000e+11	5.205663836520000000e+11	0.000000000000000000e+00
4.426160072500000000e+10	4.580723350300000000e+10	0.000000000000000000e+00
5.273069062290000000e+11	5.277772688100000000e+11	0.000000000000000000e+00
5.215027837110000000e+11	4.570344099500000000e+10	0.000000000000000000e+00
1.760458966800000000e+10	5.287528029280000000e+11	0.000000000000000000e+00
5.207766853630000000e+11	5.287480631380000000e+11	0.000000000000000000e+00
5.280275265640000000e+11	4.401663490500000000e+10	0.000000000000000000e+00
5.273463318330000000e+11	5.276869001370000000e+11	0.000000000000000000e+00
2.065313116500000000e+10	5.273253441450000000e+11	0.000000000000000000e+00
5.280304066510000000e+11	5.284469086500000000e+11	0.000000000000000000e+00
5.274042774790000000e+11	5.295100818160000000e+11	0.000000000000000000e+00
5.279818600640000000e+11	4.319585724600000000e+10	0.000000000000000000e+00
5.273001055860000000e+11	4.489422446700000000e+10	0.000000000000000000e+00
5.275639300570000000e+11	4.386751799300000000e+10	0.000000000000000000e+00
4.499036672000000000e+10	5.280325347390000000e+11	0.000000000000000000e+00
5.275165075860000000e+11	5.284500250270000000e+11	0.000000000000000000e+00
5.265732492900000000e+11	5.277753002770000000e+11	0.000000000000000000e+00
5.278005227610000000e+11	3.886091695900000000e+10	0.000000000000000000e+00
4.561793043500000000e+10	5.205698781970000000e+11	0.000000000000000000e+00
5.290326849620000000e+11	5.211001860200000000e+11	0.000000000000000000e+00
5.280361181360000000e+11	5.277070278930000000e+11	0.000000000000000000e+00
5.233681250210000000e+11	5.275416001300000000e+11	0.000000000000000000e+00
5.283287720010000000e+11	5.269605908890000000e+11	0.000000000000000000e+00
5.271339651720000000e+11	5.271209126640000000e+11	0.000000000000000000e+00
5.273463318330000000e+11	5.276462839590000000e+11	0.000000000000000000e+00
5.273140018050000000e+11	5.201675087480000000e+11	0.000000000000000000e+00
5.271292465810000000e+11	5.271695478130000000e+11	0.000000000000000000e+00
4.418031963800000000e+10	5.271735302900000000e+11	0.000000000000000000e+00
5.277697974810000000e+11	5.280125376190000000e+11	0.000000000000000000e+00
5.273636611530000000e+11	5.289749402070000000e+11	0.000000000000000000e+00
4.447231186300000000e+10	5.291900289640000000e+11	0.000000000000000000e+00
4.455879287500000000e+10	5.291900289640000000e+11	0.000000000000000000e+00
5.269247591600000000e+11	5.264456572740000000e+11	0.000000000000000000e+00
5.237321912700000000e+11	4.449157937100000000e+10	0.000000000000000000e+00
5.269247591600000000e+11	5.272636192670000000e+11	0.000000000000000000e+00
3.721410248100000000e+10	5.275736258710000000e+11	1.000000000000000000e+00
4.449439918500000000e+10	5.211738154120000000e+11	0.000000000000000000e+00
5.280731605110000000e+11	4.447369134200000000e+10	0.000000000000000000e+00
5.295022368600000000e+11	5.279191872930000000e+11	0.000000000000000000e+00
5.279727172590000000e+11	5.261418197170000000e+11	1.000000000000000000e+00
4.448991035200000000e+10	5.274293780630000000e+11	0.000000000000000000e+00
5.274326820340000000e+11	5.280049611300000000e+11	0.000000000000000000e+00
5.280297165500000000e+11	5.253356675670000000e+11	1.000000000000000000e+00
5.279727172590000000e+11	2.318407603300000000e+10	1.000000000000000000e+00
5.219301659220000000e+11	5.277056534420000000e+11	0.000000000000000000e+00
5.281042530380000000e+11	5.208353789420000000e+11	0.000000000000000000e+00
5.280050655950000000e+11	5.204133797660000000e+11	0.000000000000000000e+00
4.449439918500000000e+10	5.279678161910000000e+11	0.000000000000000000e+00
5.259663117300000000e+11	5.284546326830000000e+11	0.000000000000000000e+00
4.381760468400000000e+10	5.263375441460000000e+11	0.000000000000000000e+00
5.232838195780000000e+11	5.269801887680000000e+11	0.000000000000000000e+00
5.282338302820000000e+11	5.268813993380000000e+11	0.000000000000000000e+00
5.290849600820000000e+11	5.290448159640000000e+11	0.000000000000000000e+00
4.468981616700000000e+10	5.291417391360000000e+11	0.000000000000000000e+00
5.210484010240000000e+11	4.419636375000000000e+10	0.000000000000000000e+00
5.282338302820000000e+11	5.277652009650000000e+11	0.000000000000000000e+00
4.436149452500000000e+10	5.293741617300000000e+11	0.000000000000000000e+00
4.467087744900000000e+10	5.290027822620000000e+11	0.000000000000000000e+00
5.280927223600000000e+11	5.280228240510000000e+11	0.000000000000000000e+00
4.451335809900000000e+10	5.272054130260000000e+11	0.000000000000000000e+00
5.202921333030000000e+11	5.210592587710000000e+11	0.000000000000000000e+00
4.563788956100000000e+10	5.281355768200000000e+11	0.000000000000000000e+00
4.452802463600000000e+10	5.264809904140000000e+11	0.000000000000000000e+00
5.277337966250000000e+11	5.271054377300000000e+11	0.000000000000000000e+00
5.279652849010000000e+11	5.285194511580000000e+11	0.000000000000000000e+00
5.287018731510000000e+11	5.269447012680000000e+11	0.000000000000000000e+00
5.294501503440000000e+11	4.414761284300000000e+10	0.000000000000000000e+00
4.381093769000000000e+10	5.280017957480000000e+11	0.000000000000000000e+00
4.455879287500000000e+10	5.269230919350000000e+11	0.000000000000000000e+00
4.455879287500000000e+10	5.273059117050000000e+11	0.000000000000000000e+00
5.269247591600000000e+11	5.269781706500000000e+11	0.000000000000000000e+00
5.237321912700000000e+11	5.269230919350000000e+11	0.000000000000000000e+00
5.279727172590000000e+11	4.447369134200000000e+10	0.000000000000000000e+00
4.448991035200000000e+10	5.279191872930000000e+11	0.000000000000000000e+00
5.274326820340000000e+11	5.261418197170000000e+11	0.000000000000000000e+00
5.280297165500000000e+11	5.274293780630000000e+11	1.000000000000000000e+00
5.279727172590000000e+11	5.280049611300000000e+11	1.000000000000000000e+00
5.282532532420000000e+11	5.253356675670000000e+11	1.000000000000000000e+00
5.281042530380000000e+11	5.290506952400000000e+11	0.000000000000000000e+00
4.566582987200000000e+10	5.208353789420000000e+11	0.000000000000000000e+00
4.449439918500000000e+10	5.204133797660000000e+11	0.000000000000000000e+00
4.381760468400000000e+10	5.279678161910000000e+11	1.000000000000000000e+00
5.232838195780000000e+11	5.284546326830000000e+11	0.000000000000000000e+00
5.290885678840000000e+11	5.269801887680000000e+11	0.000000000000000000e+00
5.290849600820000000e+11	5.268813993380000000e+11	0.000000000000000000e+00
4.468981616700000000e+10	4.361286183000000000e+10	1.000000000000000000e+00
4.436149452500000000e+10	4.419636375000000000e+10	0.000000000000000000e+00
4.524091236100000000e+10	5.277652009650000000e+11	0.000000000000000000e+00
4.467087744900000000e+10	5.293741617300000000e+11	0.000000000000000000e+00
5.294170205990000000e+11	5.269525803990000000e+11	1.000000000000000000e+00
4.451335809900000000e+10	5.202304026730000000e+11	1.000000000000000000e+00
5.202921333030000000e+11	5.280228240510000000e+11	1.000000000000000000e+00
5.270448549020000000e+11	5.272786523500000000e+11	1.000000000000000000e+00
5.265732492900000000e+11	5.281355768200000000e+11	0.000000000000000000e+00
4.452802463600000000e+10	5.279644297450000000e+11	0.000000000000000000e+00
5.277337966250000000e+11	5.264638147700000000e+11	1.000000000000000000e+00
5.279652849010000000e+11	5.264809904140000000e+11	1.000000000000000000e+00
5.287018731510000000e+11	5.271054377300000000e+11	1.000000000000000000e+00
4.423719380600000000e+10	5.285194511580000000e+11	0.000000000000000000e+00
5.294501503440000000e+11	5.269447012680000000e+11	0.000000000000000000e+00
4.381093769000000000e+10	5.284402054150000000e+11	0.000000000000000000e+00
5.286175881890000000e+11	5.272786523500000000e+11	1.000000000000000000e+00
5.278013147670000000e+11	5.280017957480000000e+11	1.000000000000000000e+00
4.430014040000000000e+10	5.201468868930000000e+11	1.000000000000000000e+00
5.290185731060000000e+11	5.280720607400000000e+11	0.000000000000000000e+00
5.202504222530000000e+11	5.230020801460000000e+11	1.000000000000000000e+00
4.047307129800000000e+10	3.750767245500000000e+10	0.000000000000000000e+00
5.290403920540000000e+11	5.298423040900000000e+11	1.000000000000000000e+00
5.279782926980000000e+11	3.781855336700000000e+10	1.000000000000000000e+00
5.285213030500000000e+11	5.285361932230000000e+11	0.000000000000000000e+00
5.290417447800000000e+11	5.279746885890000000e+11	1.000000000000000000e+00
4.420256668600000000e+10	4.337142039300000000e+10	0.000000000000000000e+00
5.204220328350000000e+11	1.981464681000000000e+10	0.000000000000000000e+00
5.290700139480000000e+11	5.269655175700000000e+11	0.000000000000000000e+00
5.255178550340000000e+11	4.582725683500000000e+10	1.000000000000000000e+00
5.296785026590000000e+11	5.204947831930000000e+11	1.000000000000000000e+00
5.280377277900000000e+11	5.251082221310000000e+11	0.000000000000000000e+00
5.272659984100000000e+11	5.280355243990000000e+11	0.000000000000000000e+00
4.522193776000000000e+10	4.561949828500000000e+10	1.000000000000000000e+00
4.555902335100000000e+10	5.281597738780000000e+11	1.000000000000000000e+00
5.254812123520000000e+11	5.264701178910000000e+11	0.000000000000000000e+00
5.292970999440000000e+11	5.277875647930000000e+11	1.000000000000000000e+00
5.289463916520000000e+11	5.289489333130000000e+11	0.000000000000000000e+00
4.426198012200000000e+10	5.277574626870000000e+11	0.000000000000000000e+00
5.283847739020000000e+11	5.271049259850000000e+11	1.000000000000000000e+00
5.269247591600000000e+11	5.275908547540000000e+11	0.000000000000000000e+00
4.561884290300000000e+10	5.230900286500000000e+11	0.000000000000000000e+00
5.280069859780000000e+11	5.277005505150000000e+11	1.000000000000000000e+00
5.208157622890000000e+11	5.270712781910000000e+11	0.000000000000000000e+00
5.273636611530000000e+11	5.274944724210000000e+11	0.000000000000000000e+00
5.254592550550000000e+11	5.274249975740000000e+11	0.000000000000000000e+00
4.449358313700000000e+10	5.281612323170000000e+11	0.000000000000000000e+00
5.279788005740000000e+11	5.271579812090000000e+11	0.000000000000000000e+00
5.276129540260000000e+11	5.276828365270000000e+11	0.000000000000000000e+00
5.290234885590000000e+11	5.282130934060000000e+11	0.000000000000000000e+00
5.208466056750000000e+11	5.285730038100000000e+11	0.000000000000000000e+00
5.277693151730000000e+11	5.278884478930000000e+11	1.000000000000000000e+00
5.274459376190000000e+11	5.280381745980000000e+11	0.000000000000000000e+00
5.280436973570000000e+11	5.270082399090000000e+11	1.000000000000000000e+00
5.273004891910000000e+11	5.212671845410000000e+11	0.000000000000000000e+00
4.517738264000000000e+10	5.269373654310000000e+11	0.000000000000000000e+00
5.237321912700000000e+11	5.272636192670000000e+11	0.000000000000000000e+00
5.269247591600000000e+11	5.275736258710000000e+11	0.000000000000000000e+00
3.721410248100000000e+10	5.211738154120000000e+11	0.000000000000000000e+00
4.449439918500000000e+10	4.447369134200000000e+10	0.000000000000000000e+00
5.280731605110000000e+11	5.279191872930000000e+11	0.000000000000000000e+00
5.279727172590000000e+11	5.274293780630000000e+11	1.000000000000000000e+00
4.448991035200000000e+10	5.280049611300000000e+11	0.000000000000000000e+00
5.274326820340000000e+11	5.253356675670000000e+11	0.000000000000000000e+00
5.282532532420000000e+11	5.277056534420000000e+11	0.000000000000000000e+00
5.219301659220000000e+11	5.208353789420000000e+11	0.000000000000000000e+00
5.280050655950000000e+11	5.212903318640000000e+11	0.000000000000000000e+00
4.449439918500000000e+10	5.284546326830000000e+11	0.000000000000000000e+00
5.259663117300000000e+11	5.263375441460000000e+11	0.000000000000000000e+00
4.381760468400000000e+10	5.269801887680000000e+11	0.000000000000000000e+00
5.232838195780000000e+11	5.268813993380000000e+11	0.000000000000000000e+00
5.282338302820000000e+11	4.361286183000000000e+10	0.000000000000000000e+00
5.290885678840000000e+11	5.290448159640000000e+11	0.000000000000000000e+00
4.468981616700000000e+10	4.419636375000000000e+10	0.000000000000000000e+00
5.210484010240000000e+11	5.277652009650000000e+11	0.000000000000000000e+00
5.282338302820000000e+11	5.293741617300000000e+11	0.000000000000000000e+00
4.467087744900000000e+10	5.202304026730000000e+11	0.000000000000000000e+00
5.294170205990000000e+11	5.280228240510000000e+11	0.000000000000000000e+00
5.280927223600000000e+11	5.272054130260000000e+11	0.000000000000000000e+00
4.451335809900000000e+10	5.210592587710000000e+11	0.000000000000000000e+00
5.237571974280000000e+11	5.281355768200000000e+11	0.000000000000000000e+00
4.563788956100000000e+10	5.279644297450000000e+11	1.000000000000000000e+00
5.270448549020000000e+11	5.264638147700000000e+11	1.000000000000000000e+00
4.452802463600000000e+10	5.271054377300000000e+11	0.000000000000000000e+00
5.277337966250000000e+11	5.285194511580000000e+11	0.000000000000000000e+00
5.279652849010000000e+11	5.269447012680000000e+11	0.000000000000000000e+00
5.287018731510000000e+11	5.273525133200000000e+11	0.000000000000000000e+00
4.423719380600000000e+10	4.414761284300000000e+10	0.000000000000000000e+00
5.294501503440000000e+11	5.284402054150000000e+11	0.000000000000000000e+00
4.381093769000000000e+10	5.256537879410000000e+11	0.000000000000000000e+00
5.286175881890000000e+11	5.201468868930000000e+11	1.000000000000000000e+00
5.278013147670000000e+11	5.280720607400000000e+11	0.000000000000000000e+00
5.286860986390000000e+11	5.230020801460000000e+11	0.000000000000000000e+00
4.430014040000000000e+10	3.750767245500000000e+10	0.000000000000000000e+00
5.202504222530000000e+11	3.781855336700000000e+10	0.000000000000000000e+00
5.290403920540000000e+11	5.279746885890000000e+11	1.000000000000000000e+00
5.279782926980000000e+11	5.293457956610000000e+11	1.000000000000000000e+00
5.285213030500000000e+11	4.337142039300000000e+10	0.000000000000000000e+00
5.290417447800000000e+11	4.582738418100000000e+10	0.000000000000000000e+00
4.420256668600000000e+10	1.981464681000000000e+10	0.000000000000000000e+00
4.561884290300000000e+10	5.269655175700000000e+11	0.000000000000000000e+00
5.204220328350000000e+11	5.204947831930000000e+11	0.000000000000000000e+00
5.255178550340000000e+11	5.208290030010000000e+11	0.000000000000000000e+00
5.296785026590000000e+11	4.553561725800000000e+10	0.000000000000000000e+00
5.277574626870000000e+11	5.251082221310000000e+11	0.000000000000000000e+00
5.279979116230000000e+11	5.280355243990000000e+11	0.000000000000000000e+00
5.265866447610000000e+11	4.388776807700000000e+10	0.000000000000000000e+00
5.280377277900000000e+11	4.561949828500000000e+10	0.000000000000000000e+00
5.272659984100000000e+11	5.281597738780000000e+11	0.000000000000000000e+00
5.269244299110000000e+11	5.264701178910000000e+11	0.000000000000000000e+00
4.522193776000000000e+10	5.277875647930000000e+11	1.000000000000000000e+00
4.555902335100000000e+10	5.289489333130000000e+11	0.000000000000000000e+00
5.254812123520000000e+11	5.277574626870000000e+11	0.000000000000000000e+00
5.292970999440000000e+11	5.271049259850000000e+11	0.000000000000000000e+00
5.289463916520000000e+11	5.275908547540000000e+11	0.000000000000000000e+00
5.269247591600000000e+11	5.283899935320000000e+11	0.000000000000000000e+00
4.561884290300000000e+10	5.270712781910000000e+11	0.000000000000000000e+00
5.280069859780000000e+11	5.274944724210000000e+11	0.000000000000000000e+00
5.203822261670000000e+11	5.274249975740000000e+11	0.000000000000000000e+00
5.208157622890000000e+11	5.281612323170000000e+11	0.000000000000000000e+00
5.273636611530000000e+11	5.271579812090000000e+11	0.000000000000000000e+00
4.449358313700000000e+10	5.245111515310000000e+11	0.000000000000000000e+00
5.279788005740000000e+11	5.282130934060000000e+11	0.000000000000000000e+00
5.276129540260000000e+11	5.265306439990000000e+11	0.000000000000000000e+00
5.290234885590000000e+11	5.278884478930000000e+11	0.000000000000000000e+00
5.294104350310000000e+11	4.524911047500000000e+10	0.000000000000000000e+00
5.208466056750000000e+11	5.280381745980000000e+11	0.000000000000000000e+00
5.277693151730000000e+11	5.270082399090000000e+11	0.000000000000000000e+00
5.279293687550000000e+11	5.212671845410000000e+11	0.000000000000000000e+00
5.280436973570000000e+11	4.083162414600000000e+10	0.000000000000000000e+00
5.273004891910000000e+11	5.269655175700000000e+11	0.000000000000000000e+00
4.517738264000000000e+10	5.258690737580000000e+11	0.000000000000000000e+00
