5.283613941350000000e+11	5.210565535440000000e+11	0.000000000000000000e+00
5.237643198860000000e+11	5.217993776620000000e+11	1.000000000000000000e+00
5.229698558120000000e+11	5.258137045030000000e+11	1.000000000000000000e+00
5.271141830050000000e+11	5.218546802560000000e+11	1.000000000000000000e+00
5.273391382670000000e+11	5.275175477350000000e+11	0.000000000000000000e+00
5.228901212020000000e+11	5.214779640510000000e+11	1.000000000000000000e+00
5.265732726850000000e+11	4.412195852300000000e+10	1.000000000000000000e+00
5.293751441580000000e+11	5.273438588980000000e+11	1.000000000000000000e+00
5.275883365420000000e+11	5.218898312750000000e+11	1.000000000000000000e+00
5.229994561060000000e+11	5.254699121030000000e+11	1.000000000000000000e+00
5.254837030970000000e+11	5.272237313980000000e+11	0.000000000000000000e+00
5.263701505240000000e+11	5.230584481560000000e+11	0.000000000000000000e+00
3.556231398000000000e+10	5.254873858450000000e+11	0.000000000000000000e+00
5.273653842450000000e+11	5.230549855440000000e+11	0.000000000000000000e+00
4.375834071500000000e+10	5.230198891350000000e+11	1.000000000000000000e+00
5.271418758920000000e+11	5.275927705140000000e+11	1.000000000000000000e+00
4.446765267200000000e+10	5.290609079170000000e+11	0.000000000000000000e+00
5.226794625780000000e+11	5.218219810240000000e+11	0.000000000000000000e+00
5.221696340010000000e+11	5.229741881690000000e+11	1.000000000000000000e+00
5.263882167480000000e+11	4.063650164800000000e+10	1.000000000000000000e+00
5.282614132420000000e+11	5.248707403240000000e+11	0.000000000000000000e+00
5.213841896540000000e+11	5.256185622580000000e+11	1.000000000000000000e+00
5.277100414190000000e+11	5.276834642420000000e+11	1.000000000000000000e+00
5.230285817900000000e+11	4.355129454200000000e+10	0.000000000000000000e+00
5.286759423700000000e+11	5.210882875760000000e+11	1.000000000000000000e+00
5.287792269080000000e+11	4.437385693900000000e+10	1.000000000000000000e+00
5.219026879180000000e+11	5.218888232540000000e+11	0.000000000000000000e+00
3.852229314600000000e+10	5.246375595440000000e+11	0.000000000000000000e+00
5.283865213540000000e+11	5.260119573630000000e+11	0.000000000000000000e+00
5.230409705690000000e+11	5.281119232250000000e+11	0.000000000000000000e+00
4.446765267200000000e+10	5.220489063700000000e+11	1.000000000000000000e+00
5.225638241180000000e+11	1.970456321800000000e+10	1.000000000000000000e+00
5.256786912410000000e+11	5.276483425370000000e+11	1.000000000000000000e+00
5.206522067240000000e+11	5.214084855850000000e+11	1.000000000000000000e+00
5.272142952170000000e+11	5.287944427810000000e+11	0.000000000000000000e+00
5.286764981010000000e+11	4.026954285900000000e+10	0.000000000000000000e+00
5.237969162860000000e+11	5.230213378840000000e+11	1.000000000000000000e+00
5.205493498840000000e+11	5.269252108680000000e+11	1.000000000000000000e+00
5.276071744070000000e+11	5.262132551330000000e+11	0.000000000000000000e+00
5.222190045490000000e+11	5.271351931090000000e+11	0.000000000000000000e+00
4.551059387300000000e+10	5.283092845200000000e+11	0.000000000000000000e+00
4.551059387300000000e+10	5.258144922860000000e+11	1.000000000000000000e+00
5.229188621120000000e+11	5.271016453410000000e+11	0.000000000000000000e+00
5.264816722450000000e+11	5.250343494430000000e+11	1.000000000000000000e+00
5.290059114940000000e+11	5.280002157110000000e+11	0.000000000000000000e+00
3.631829268400000000e+10	4.386344585500000000e+10	0.000000000000000000e+00
4.452985247600000000e+10	5.225681753340000000e+11	1.000000000000000000e+00
3.556231398000000000e+10	5.263464157220000000e+11	0.000000000000000000e+00
5.269507244540000000e+11	5.272882246020000000e+11	1.000000000000000000e+00
5.269414288670000000e+11	5.282214913880000000e+11	0.000000000000000000e+00
5.272888404680000000e+11	5.210315288100000000e+11	0.000000000000000000e+00
5.270935503140000000e+11	5.284127524330000000e+11	0.000000000000000000e+00
5.204397707110000000e+11	5.258915438100000000e+11	1.000000000000000000e+00
5.293751441580000000e+11	5.283358901370000000e+11	0.000000000000000000e+00
5.269418483590000000e+11	5.254873858450000000e+11	1.000000000000000000e+00
5.287331040000000000e+11	5.205824040860000000e+11	0.000000000000000000e+00
5.276052293020000000e+11	5.227153800700000000e+11	0.000000000000000000e+00
5.226794625780000000e+11	5.291195015800000000e+11	0.000000000000000000e+00
5.287743682790000000e+11	5.253709053790000000e+11	0.000000000000000000e+00
4.371536986000000000e+10	5.215900211260000000e+11	1.000000000000000000e+00
5.259465645800000000e+11	5.258915438100000000e+11	1.000000000000000000e+00
5.206371523040000000e+11	4.063571118800000000e+10	0.000000000000000000e+00
5.201781839380000000e+11	5.289948588160000000e+11	0.000000000000000000e+00
5.257105441090000000e+11	5.221700846040000000e+11	1.000000000000000000e+00
5.237969162860000000e+11	4.338751285000000000e+10	0.000000000000000000e+00
5.269415924540000000e+11	5.276616255200000000e+11	1.000000000000000000e+00
5.222190045490000000e+11	5.200483429770000000e+11	1.000000000000000000e+00
4.436036228900000000e+10	5.272205193000000000e+11	0.000000000000000000e+00
5.243926383970000000e+11	2.013428136600000000e+10	0.000000000000000000e+00
4.578356073800000000e+10	5.265146874250000000e+11	0.000000000000000000e+00
4.375834071500000000e+10	5.284101103870000000e+11	0.000000000000000000e+00
5.254890896650000000e+11	5.276778204210000000e+11	1.000000000000000000e+00
5.230893323150000000e+11	5.269415924540000000e+11	1.000000000000000000e+00
5.245830258330000000e+11	5.255161100580000000e+11	1.000000000000000000e+00
5.257112529820000000e+11	5.247022342750000000e+11	1.000000000000000000e+00
5.283816268280000000e+11	5.279908918630000000e+11	1.000000000000000000e+00
5.260533053490000000e+11	4.530190138500000000e+10	0.000000000000000000e+00
5.229994561060000000e+11	5.215528848440000000e+11	1.000000000000000000e+00
5.272142952170000000e+11	5.246282270400000000e+11	0.000000000000000000e+00
5.222203885370000000e+11	5.280769509080000000e+11	0.000000000000000000e+00
4.452599951600000000e+10	5.229926587090000000e+11	1.000000000000000000e+00
5.286759423700000000e+11	4.421824955900000000e+10	0.000000000000000000e+00
5.271141830050000000e+11	5.262248759240000000e+11	1.000000000000000000e+00
5.221670336810000000e+11	5.219782162550000000e+11	0.000000000000000000e+00
5.240673827890000000e+11	4.374245178100000000e+10	1.000000000000000000e+00
5.289936662000000000e+11	5.269766228990000000e+11	0.000000000000000000e+00
5.222190045490000000e+11	5.270769397640000000e+11	1.000000000000000000e+00
4.371536986000000000e+10	4.286073792100000000e+10	1.000000000000000000e+00
5.269557026660000000e+11	5.257282412610000000e+11	0.000000000000000000e+00
5.226469057840000000e+11	2.338678036100000000e+10	0.000000000000000000e+00
5.269416249110000000e+11	5.247573588210000000e+11	1.000000000000000000e+00
5.229994561060000000e+11	5.209786975110000000e+11	1.000000000000000000e+00
4.383442093000000000e+10	4.550983272000000000e+10	0.000000000000000000e+00
5.258650399100000000e+11	4.398640830600000000e+10	1.000000000000000000e+00
5.287743682790000000e+11	5.217474695580000000e+11	0.000000000000000000e+00
4.452930024700000000e+10	5.205792403600000000e+11	1.000000000000000000e+00
5.205824040860000000e+11	5.283170804240000000e+11	0.000000000000000000e+00
4.197176996800000000e+10	5.269744575160000000e+11	1.000000000000000000e+00
4.566456801600000000e+10	5.258915438100000000e+11	1.000000000000000000e+00
5.283473680340000000e+11	5.256878826990000000e+11	0.000000000000000000e+00
5.259707811050000000e+11	3.581211232200000000e+10	0.000000000000000000e+00
4.421824955900000000e+10	5.205502023100000000e+11	0.000000000000000000e+00
5.230207782790000000e+11	5.283815982140000000e+11	1.000000000000000000e+00
5.287290639100000000e+11	5.273190846400000000e+11	0.000000000000000000e+00
5.230198891350000000e+11	4.321083988400000000e+10	0.000000000000000000e+00
5.291042066590000000e+11	4.421376766000000000e+10	0.000000000000000000e+00
4.566456801600000000e+10	5.269283622670000000e+11	0.000000000000000000e+00
5.286274237390000000e+11	5.271114596520000000e+11	1.000000000000000000e+00
5.287743682790000000e+11	2.066404434500000000e+10	0.000000000000000000e+00
4.568046819300000000e+10	5.286415879860000000e+11	1.000000000000000000e+00
5.272888404680000000e+11	5.201336435590000000e+11	1.000000000000000000e+00
5.229725315000000000e+11	5.279764888810000000e+11	1.000000000000000000e+00
5.287331040000000000e+11	5.270139735320000000e+11	0.000000000000000000e+00
5.263911802990000000e+11	4.459939777800000000e+10	0.000000000000000000e+00
5.232432542470000000e+11	5.226643868500000000e+11	1.000000000000000000e+00
5.283947005530000000e+11	5.212212726910000000e+11	0.000000000000000000e+00
5.287122085090000000e+11	5.253070871060000000e+11	0.000000000000000000e+00
5.206319008940000000e+11	5.263329235870000000e+11	0.000000000000000000e+00
3.631829268400000000e+10	3.528065322800000000e+10	1.000000000000000000e+00
5.219026879180000000e+11	5.200483429770000000e+11	0.000000000000000000e+00
4.568046819300000000e+10	5.269498044660000000e+11	1.000000000000000000e+00
5.265730445890000000e+11	5.260807027900000000e+11	1.000000000000000000e+00
5.272690861910000000e+11	4.452930024700000000e+10	0.000000000000000000e+00
5.287331040000000000e+11	4.570587125200000000e+10	0.000000000000000000e+00
5.288173888600000000e+11	5.291012673570000000e+11	0.000000000000000000e+00
5.230826723440000000e+11	5.269766228990000000e+11	1.000000000000000000e+00
3.631829268400000000e+10	3.772181908200000000e+10	1.000000000000000000e+00
5.213279425500000000e+11	4.370177625300000000e+10	1.000000000000000000e+00
5.217104568510000000e+11	4.382850289600000000e+10	1.000000000000000000e+00
5.283816268280000000e+11	5.280448099040000000e+11	0.000000000000000000e+00
5.232432542470000000e+11	5.209229700830000000e+11	1.000000000000000000e+00
5.240673938150000000e+11	5.283947005530000000e+11	1.000000000000000000e+00
5.237643198860000000e+11	5.253659708230000000e+11	1.000000000000000000e+00
5.283373810480000000e+11	5.208330856030000000e+11	0.000000000000000000e+00
5.283816268280000000e+11	5.254204678760000000e+11	1.000000000000000000e+00
5.286759423700000000e+11	5.283691300600000000e+11	0.000000000000000000e+00
5.205493498840000000e+11	5.261954607900000000e+11	0.000000000000000000e+00
5.205493498840000000e+11	3.900733950500000000e+10	1.000000000000000000e+00
5.221581019590000000e+11	5.281247084550000000e+11	1.000000000000000000e+00
5.272882246020000000e+11	5.270542492740000000e+11	1.000000000000000000e+00
5.237612077720000000e+11	5.269507244540000000e+11	1.000000000000000000e+00
5.228901212020000000e+11	5.283263992950000000e+11	0.000000000000000000e+00
5.286274237390000000e+11	5.220485102590000000e+11	0.000000000000000000e+00
4.350168875400000000e+10	5.243471043320000000e+11	0.000000000000000000e+00
5.256786912410000000e+11	5.254811767190000000e+11	1.000000000000000000e+00
3.839824163200000000e+10	4.391071106500000000e+10	1.000000000000000000e+00
4.333305782900000000e+10	5.281967863030000000e+11	1.000000000000000000e+00
5.257526373890000000e+11	5.270718699450000000e+11	1.000000000000000000e+00
5.229980952500000000e+11	5.281851338970000000e+11	1.000000000000000000e+00
4.452635208100000000e+10	5.251499989590000000e+11	1.000000000000000000e+00
5.230315078710000000e+11	5.247896118250000000e+11	1.000000000000000000e+00
5.269418483590000000e+11	4.379018345000000000e+10	1.000000000000000000e+00
5.259685256830000000e+11	1.970456321800000000e+10	1.000000000000000000e+00
5.272882246020000000e+11	5.263587116450000000e+11	1.000000000000000000e+00
5.270935503140000000e+11	4.562468590900000000e+10	0.000000000000000000e+00
5.257105441090000000e+11	5.287018353070000000e+11	0.000000000000000000e+00
3.920912650000000000e+10	5.216367970070000000e+11	1.000000000000000000e+00
5.269791083300000000e+11	5.264137017080000000e+11	1.000000000000000000e+00
4.489054863100000000e+10	5.283170804240000000e+11	1.000000000000000000e+00
5.244012567890000000e+11	5.279406236770000000e+11	1.000000000000000000e+00
5.293751441580000000e+11	5.256845839340000000e+11	1.000000000000000000e+00
5.226469057840000000e+11	5.216671362050000000e+11	1.000000000000000000e+00
5.213683293590000000e+11	5.263383757010000000e+11	0.000000000000000000e+00
5.229188621120000000e+11	5.295010564510000000e+11	1.000000000000000000e+00
5.272782852200000000e+11	1.969576015000000000e+10	1.000000000000000000e+00
5.272690861910000000e+11	5.277196272610000000e+11	1.000000000000000000e+00
5.257112529820000000e+11	5.260212298520000000e+11	1.000000000000000000e+00
5.283865213540000000e+11	5.273742119330000000e+11	1.000000000000000000e+00
5.287743682790000000e+11	5.287390166010000000e+11	0.000000000000000000e+00
5.260360004920000000e+11	5.272927546160000000e+11	0.000000000000000000e+00
5.247941667890000000e+11	5.262034563230000000e+11	0.000000000000000000e+00
5.207974426070000000e+11	5.260373162480000000e+11	0.000000000000000000e+00
5.283613941350000000e+11	5.253180243670000000e+11	0.000000000000000000e+00
5.229728280980000000e+11	5.258112009610000000e+11	1.000000000000000000e+00
5.230826723440000000e+11	5.269744575160000000e+11	1.000000000000000000e+00
3.697097469900000000e+10	5.259443083360000000e+11	0.000000000000000000e+00
5.286736504010000000e+11	5.274444570180000000e+11	0.000000000000000000e+00
5.258112009610000000e+11	5.249429448910000000e+11	1.000000000000000000e+00
5.274151360050000000e+11	5.214779640510000000e+11	1.000000000000000000e+00
4.056947860800000000e+10	5.271113395700000000e+11	1.000000000000000000e+00
5.286849558630000000e+11	5.279826423720000000e+11	1.000000000000000000e+00
5.257654083990000000e+11	5.271930810350000000e+11	1.000000000000000000e+00
5.261775195830000000e+11	4.113803769000000000e+10	1.000000000000000000e+00
5.259835968220000000e+11	4.480525387900000000e+10	1.000000000000000000e+00
3.921947902100000000e+10	3.957331261200000000e+10	0.000000000000000000e+00
5.272782852200000000e+11	5.253198247230000000e+11	1.000000000000000000e+00
5.292192777580000000e+11	4.304844185000000000e+10	1.000000000000000000e+00
5.259087893890000000e+11	5.220489063700000000e+11	0.000000000000000000e+00
5.269416249110000000e+11	4.470711651400000000e+10	1.000000000000000000e+00
5.255166478020000000e+11	5.230200665770000000e+11	1.000000000000000000e+00
4.350168875400000000e+10	4.319996042900000000e+10	0.000000000000000000e+00
5.253008028460000000e+11	5.278404514880000000e+11	1.000000000000000000e+00
4.378499958600000000e+10	5.282622124300000000e+11	0.000000000000000000e+00
5.205186760740000000e+11	5.291195015800000000e+11	1.000000000000000000e+00
3.631829268400000000e+10	5.291193215010000000e+11	0.000000000000000000e+00
5.272219514600000000e+11	5.207676494030000000e+11	0.000000000000000000e+00
4.381931750600000000e+10	5.274427849340000000e+11	0.000000000000000000e+00
5.206433318010000000e+11	5.272727976760000000e+11	1.000000000000000000e+00
5.251499989590000000e+11	5.259846763760000000e+11	1.000000000000000000e+00
4.446812679600000000e+10	5.253298994150000000e+11	0.000000000000000000e+00
5.229725315000000000e+11	5.272721503710000000e+11	0.000000000000000000e+00
3.839824163200000000e+10	5.217369393070000000e+11	0.000000000000000000e+00
5.230826723440000000e+11	5.210510752710000000e+11	0.000000000000000000e+00
5.206924351110000000e+11	4.321083988400000000e+10	0.000000000000000000e+00
5.259707811050000000e+11	5.283761745560000000e+11	1.000000000000000000e+00
5.206924351110000000e+11	5.271854700380000000e+11	0.000000000000000000e+00
5.231953898580000000e+11	5.262248075040000000e+11	0.000000000000000000e+00
5.269418483590000000e+11	5.282926934220000000e+11	1.000000000000000000e+00
3.852229314600000000e+10	5.206132839250000000e+11	0.000000000000000000e+00
5.257526373890000000e+11	5.276493583570000000e+11	1.000000000000000000e+00
5.209640920590000000e+11	5.207724159690000000e+11	0.000000000000000000e+00
5.260858979220000000e+11	5.231094975450000000e+11	0.000000000000000000e+00
5.277502782490000000e+11	5.206132839250000000e+11	0.000000000000000000e+00
5.244012567890000000e+11	5.211890591380000000e+11	0.000000000000000000e+00
5.210920638310000000e+11	3.949143704000000000e+10	0.000000000000000000e+00
5.272142952170000000e+11	5.289936662000000000e+11	0.000000000000000000e+00
4.379903258800000000e+10	5.209402128110000000e+11	0.000000000000000000e+00
5.228950681840000000e+11	4.132502597500000000e+10	1.000000000000000000e+00
3.852229314600000000e+10	5.252092815670000000e+11	0.000000000000000000e+00
5.230285817900000000e+11	5.210882875760000000e+11	1.000000000000000000e+00
5.287792269080000000e+11	5.218888232540000000e+11	1.000000000000000000e+00
3.852229314600000000e+10	5.260119573630000000e+11	0.000000000000000000e+00
5.230409705690000000e+11	5.279525016260000000e+11	0.000000000000000000e+00
5.213478524030000000e+11	1.970456321800000000e+10	1.000000000000000000e+00
3.852229314600000000e+10	5.214084855850000000e+11	0.000000000000000000e+00
5.272888404680000000e+11	5.287944427810000000e+11	0.000000000000000000e+00
5.272142952170000000e+11	4.026954285900000000e+10	1.000000000000000000e+00
5.276071744070000000e+11	5.271351931090000000e+11	0.000000000000000000e+00
4.173104578600000000e+10	5.247573588210000000e+11	0.000000000000000000e+00
3.556231398000000000e+10	5.272882246020000000e+11	0.000000000000000000e+00
5.269507244540000000e+11	5.282214913880000000e+11	1.000000000000000000e+00
5.204397707110000000e+11	5.283358901370000000e+11	1.000000000000000000e+00
5.287331040000000000e+11	5.227153800700000000e+11	0.000000000000000000e+00
5.257105441090000000e+11	4.338751285000000000e+10	1.000000000000000000e+00
4.436036228900000000e+10	5.213724182210000000e+11	0.000000000000000000e+00
4.551059387300000000e+10	2.013428136600000000e+10	1.000000000000000000e+00
5.243926383970000000e+11	5.265146874250000000e+11	1.000000000000000000e+00
5.277397207050000000e+11	5.254668050190000000e+11	0.000000000000000000e+00
5.274125567820000000e+11	5.257827902940000000e+11	0.000000000000000000e+00
5.243926383970000000e+11	5.203029597560000000e+11	1.000000000000000000e+00
4.566077649100000000e+10	5.280448099040000000e+11	1.000000000000000000e+00
4.467054561500000000e+10	5.263636966070000000e+11	0.000000000000000000e+00
5.229698558120000000e+11	5.228368927910000000e+11	1.000000000000000000e+00
4.426579892700000000e+10	5.231637281040000000e+11	1.000000000000000000e+00
5.263882167480000000e+11	5.260137149400000000e+11	1.000000000000000000e+00
5.205493498840000000e+11	4.420969392700000000e+10	1.000000000000000000e+00
5.228950321360000000e+11	5.218227241900000000e+11	0.000000000000000000e+00
4.566026500400000000e+10	5.212226903140000000e+11	0.000000000000000000e+00
5.284220149860000000e+11	5.210755962290000000e+11	0.000000000000000000e+00
5.220444559740000000e+11	2.025240673900000000e+10	0.000000000000000000e+00
4.349484459100000000e+10	5.295711680060000000e+11	1.000000000000000000e+00
5.213227050120000000e+11	5.259443083360000000e+11	1.000000000000000000e+00
4.566456801600000000e+10	5.258116926760000000e+11	1.000000000000000000e+00
5.209640920590000000e+11	4.580679940500000000e+10	0.000000000000000000e+00
5.210920638310000000e+11	5.271650010140000000e+11	1.000000000000000000e+00
5.269276946460000000e+11	4.459939777800000000e+10	0.000000000000000000e+00
5.257282412610000000e+11	5.217084243800000000e+11	0.000000000000000000e+00
5.213423202180000000e+11	5.229984799910000000e+11	1.000000000000000000e+00
5.216618096600000000e+11	5.277302603790000000e+11	1.000000000000000000e+00
5.243923824050000000e+11	5.226797940810000000e+11	0.000000000000000000e+00
4.421824955900000000e+10	5.258136329370000000e+11	0.000000000000000000e+00
5.269414288670000000e+11	3.791548908000000000e+10	1.000000000000000000e+00
5.242068428620000000e+11	5.226643868500000000e+11	1.000000000000000000e+00
5.226469057840000000e+11	5.279982581270000000e+11	0.000000000000000000e+00
5.257526373890000000e+11	1.967531630800000000e+10	0.000000000000000000e+00
5.292860356560000000e+11	5.285277902360000000e+11	0.000000000000000000e+00
5.253008028460000000e+11	4.214624660600000000e+10	1.000000000000000000e+00
5.228901212020000000e+11	5.270537114590000000e+11	1.000000000000000000e+00
5.243926383970000000e+11	4.217567341400000000e+10	1.000000000000000000e+00
5.230205537390000000e+11	5.256554716800000000e+11	1.000000000000000000e+00
5.226794625780000000e+11	5.245770883880000000e+11	0.000000000000000000e+00
5.269791083300000000e+11	5.273471790060000000e+11	0.000000000000000000e+00
5.272690861910000000e+11	4.472164634000000000e+10	1.000000000000000000e+00
5.283613941350000000e+11	4.354717215700000000e+10	0.000000000000000000e+00
4.446765267200000000e+10	5.214187716510000000e+11	0.000000000000000000e+00
5.287835664310000000e+11	5.247971552850000000e+11	0.000000000000000000e+00
5.231613707190000000e+11	5.265494821850000000e+11	1.000000000000000000e+00
5.287290639100000000e+11	4.162307867200000000e+10	1.000000000000000000e+00
3.839824163200000000e+10	2.671192031400000000e+10	0.000000000000000000e+00
5.231953898580000000e+11	5.217084243800000000e+11	0.000000000000000000e+00
5.237969162860000000e+11	3.900736467700000000e+10	0.000000000000000000e+00
5.229188621120000000e+11	5.269498044660000000e+11	0.000000000000000000e+00
4.334373374500000000e+10	5.283691300600000000e+11	0.000000000000000000e+00
4.381931750600000000e+10	5.226643868500000000e+11	1.000000000000000000e+00
5.260788667240000000e+11	4.398640830600000000e+10	1.000000000000000000e+00
5.218217698800000000e+11	4.412062825100000000e+10	1.000000000000000000e+00
5.287835664310000000e+11	5.265141435470000000e+11	0.000000000000000000e+00
5.294407629130000000e+11	5.208273857640000000e+11	0.000000000000000000e+00
5.283613941350000000e+11	5.247024054880000000e+11	0.000000000000000000e+00
4.451008512000000000e+10	4.431403876600000000e+10	1.000000000000000000e+00
5.230118028290000000e+11	5.272641182910000000e+11	0.000000000000000000e+00
5.243911059670000000e+11	5.260928723300000000e+11	1.000000000000000000e+00
5.251499989590000000e+11	5.280139803290000000e+11	1.000000000000000000e+00
4.333328586300000000e+10	3.509400921700000000e+10	0.000000000000000000e+00
5.213423202180000000e+11	5.209640920590000000e+11	0.000000000000000000e+00
5.253008028460000000e+11	5.250608188690000000e+11	1.000000000000000000e+00
5.232432542470000000e+11	5.287018353070000000e+11	0.000000000000000000e+00
4.383442093000000000e+10	5.263251107990000000e+11	1.000000000000000000e+00
5.205493498840000000e+11	5.205931754100000000e+11	1.000000000000000000e+00
5.277397207050000000e+11	5.269540947240000000e+11	0.000000000000000000e+00
5.253046587300000000e+11	5.247896118250000000e+11	0.000000000000000000e+00
4.334373374500000000e+10	3.680224290700000000e+10	0.000000000000000000e+00
5.274125567820000000e+11	4.455797033100000000e+10	1.000000000000000000e+00
5.230826723440000000e+11	5.210533706480000000e+11	1.000000000000000000e+00
5.230277496260000000e+11	5.203029597560000000e+11	0.000000000000000000e+00
5.257105441090000000e+11	5.271418758920000000e+11	1.000000000000000000e+00
3.839824163200000000e+10	5.280448099040000000e+11	1.000000000000000000e+00
5.253355548430000000e+11	5.271971293390000000e+11	0.000000000000000000e+00
5.275883365420000000e+11	5.276618998950000000e+11	1.000000000000000000e+00
3.697054641400000000e+10	5.221741881960000000e+11	0.000000000000000000e+00
4.467054561500000000e+10	5.286416475960000000e+11	0.000000000000000000e+00
4.522907519200000000e+10	5.263636966070000000e+11	0.000000000000000000e+00
5.253008028460000000e+11	5.273471790060000000e+11	0.000000000000000000e+00
3.556231398000000000e+10	5.272661391810000000e+11	0.000000000000000000e+00
5.229698558120000000e+11	5.250064409590000000e+11	1.000000000000000000e+00
4.426579892700000000e+10	5.228368927910000000e+11	1.000000000000000000e+00
3.631829268400000000e+10	5.231637281040000000e+11	0.000000000000000000e+00
5.263882167480000000e+11	5.219755355890000000e+11	0.000000000000000000e+00
5.290888126780000000e+11	5.260137149400000000e+11	1.000000000000000000e+00
4.349484459100000000e+10	5.283806702340000000e+11	0.000000000000000000e+00
4.056947860800000000e+10	5.264017156940000000e+11	1.000000000000000000e+00
5.272916362090000000e+11	5.276553740090000000e+11	1.000000000000000000e+00
3.697097469900000000e+10	4.381857799000000000e+10	0.000000000000000000e+00
5.279697887090000000e+11	5.254539989580000000e+11	0.000000000000000000e+00
5.287792269080000000e+11	5.247022429190000000e+11	1.000000000000000000e+00
5.259087893890000000e+11	4.368328603800000000e+10	1.000000000000000000e+00
5.276052293020000000e+11	5.229188621120000000e+11	0.000000000000000000e+00
5.245830258330000000e+11	5.285966613440000000e+11	1.000000000000000000e+00
5.206447630150000000e+11	5.278521894750000000e+11	0.000000000000000000e+00
5.205493498840000000e+11	5.261615090720000000e+11	0.000000000000000000e+00
3.839824163200000000e+10	4.420969392700000000e+10	1.000000000000000000e+00
4.566026500400000000e+10	5.218227241900000000e+11	0.000000000000000000e+00
5.284220149860000000e+11	5.212226903140000000e+11	0.000000000000000000e+00
5.220444559740000000e+11	5.210755962290000000e+11	1.000000000000000000e+00
5.276606064570000000e+11	5.295711680060000000e+11	1.000000000000000000e+00
5.231613707190000000e+11	5.253709053790000000e+11	1.000000000000000000e+00
5.213227050120000000e+11	5.258112009610000000e+11	1.000000000000000000e+00
5.293751441580000000e+11	5.259443083360000000e+11	1.000000000000000000e+00
5.259835968220000000e+11	2.222279971600000000e+10	0.000000000000000000e+00
5.286849558630000000e+11	5.246844440860000000e+11	0.000000000000000000e+00
5.282763275870000000e+11	4.580679940500000000e+10	0.000000000000000000e+00
5.210920638310000000e+11	5.270563006980000000e+11	0.000000000000000000e+00
5.269415924540000000e+11	5.271650010140000000e+11	0.000000000000000000e+00
5.240673827890000000e+11	2.222279971600000000e+10	0.000000000000000000e+00
5.269276946460000000e+11	5.282333476200000000e+11	0.000000000000000000e+00
5.257282412610000000e+11	4.459939777800000000e+10	0.000000000000000000e+00
3.631829268400000000e+10	5.217084243800000000e+11	0.000000000000000000e+00
5.205469757470000000e+11	3.778632300700000000e+10	0.000000000000000000e+00
5.287101401710000000e+11	4.383442093000000000e+10	1.000000000000000000e+00
3.852229314600000000e+10	5.228901212020000000e+11	0.000000000000000000e+00
5.213423202180000000e+11	5.273066436090000000e+11	1.000000000000000000e+00
5.229725315000000000e+11	5.229984799910000000e+11	1.000000000000000000e+00
5.216618096600000000e+11	5.259660836960000000e+11	1.000000000000000000e+00
5.243923824050000000e+11	5.265675305110000000e+11	0.000000000000000000e+00
4.421824955900000000e+10	5.226797940810000000e+11	0.000000000000000000e+00
5.233790712820000000e+11	5.258136329370000000e+11	0.000000000000000000e+00
5.272219514600000000e+11	5.216049460280000000e+11	1.000000000000000000e+00
5.269414288670000000e+11	4.407140044600000000e+10	1.000000000000000000e+00
5.242068428620000000e+11	3.791548908000000000e+10	0.000000000000000000e+00
4.551059387300000000e+10	2.338678036100000000e+10	1.000000000000000000e+00
5.226469057840000000e+11	5.265261918510000000e+11	0.000000000000000000e+00
5.221696340010000000e+11	5.279982581270000000e+11	0.000000000000000000e+00
5.264171219740000000e+11	4.398742704100000000e+10	0.000000000000000000e+00
5.265732726850000000e+11	5.259112522740000000e+11	0.000000000000000000e+00
5.257526373890000000e+11	5.228950321360000000e+11	1.000000000000000000e+00
5.294459464110000000e+11	5.259459292250000000e+11	1.000000000000000000e+00
5.263911802990000000e+11	4.519135938400000000e+10	1.000000000000000000e+00
5.261436976120000000e+11	5.254711865940000000e+11	1.000000000000000000e+00
4.333305782900000000e+10	3.807444365800000000e+10	1.000000000000000000e+00
5.294547652050000000e+11	5.247028584100000000e+11	1.000000000000000000e+00
5.211707351280000000e+11	5.282878092400000000e+11	0.000000000000000000e+00
5.293854238970000000e+11	5.256509957420000000e+11	1.000000000000000000e+00
5.280188803660000000e+11	5.278942011500000000e+11	1.000000000000000000e+00
5.221696340010000000e+11	5.286477169130000000e+11	1.000000000000000000e+00
5.231396830140000000e+11	5.279908918630000000e+11	1.000000000000000000e+00
5.287101401710000000e+11	3.509890819800000000e+10	1.000000000000000000e+00
5.260433030100000000e+11	5.272122230720000000e+11	1.000000000000000000e+00
4.562468590900000000e+10	5.259337736020000000e+11	0.000000000000000000e+00
5.255365817790000000e+11	5.229903985250000000e+11	1.000000000000000000e+00
5.230118028290000000e+11	5.233775874830000000e+11	1.000000000000000000e+00
3.556231398000000000e+10	5.288087789500000000e+11	0.000000000000000000e+00
5.269710293900000000e+11	5.273089917410000000e+11	0.000000000000000000e+00
4.566456801600000000e+10	5.254642012790000000e+11	1.000000000000000000e+00
5.229725315000000000e+11	5.257779755860000000e+11	1.000000000000000000e+00
5.283151482970000000e+11	5.250693116540000000e+11	0.000000000000000000e+00
5.230285817900000000e+11	5.215242879640000000e+11	1.000000000000000000e+00
5.276606064570000000e+11	5.283826270600000000e+11	1.000000000000000000e+00
3.697097469900000000e+10	5.273112655500000000e+11	0.000000000000000000e+00
5.251499989590000000e+11	5.233508685730000000e+11	0.000000000000000000e+00
5.206924351110000000e+11	5.213269522780000000e+11	0.000000000000000000e+00
5.213683293590000000e+11	5.279392029540000000e+11	0.000000000000000000e+00
5.258112009610000000e+11	5.256876784680000000e+11	0.000000000000000000e+00
5.257526373890000000e+11	5.283542765440000000e+11	0.000000000000000000e+00
5.272569865520000000e+11	5.215430087450000000e+11	1.000000000000000000e+00
5.229972009310000000e+11	5.248648991210000000e+11	1.000000000000000000e+00
5.286764981010000000e+11	3.581754931200000000e+10	0.000000000000000000e+00
4.455636899400000000e+10	5.226798148290000000e+11	0.000000000000000000e+00
5.204410799780000000e+11	5.230547315550000000e+11	0.000000000000000000e+00
5.229974169920000000e+11	5.213449776920000000e+11	1.000000000000000000e+00
5.243923824050000000e+11	3.822373864800000000e+10	1.000000000000000000e+00
3.556231398000000000e+10	5.254979904800000000e+11	0.000000000000000000e+00
5.287331040000000000e+11	5.271854700380000000e+11	0.000000000000000000e+00
5.228950681840000000e+11	4.410923604600000000e+10	0.000000000000000000e+00
5.204900347460000000e+11	5.217115932770000000e+11	0.000000000000000000e+00
5.294282043130000000e+11	4.404123663800000000e+10	1.000000000000000000e+00
5.205469757470000000e+11	5.284862198980000000e+11	1.000000000000000000e+00
4.375834071500000000e+10	4.156294079000000000e+10	1.000000000000000000e+00
5.283130142040000000e+11	5.283816268280000000e+11	0.000000000000000000e+00
5.205494013010000000e+11	5.228607404940000000e+11	1.000000000000000000e+00
5.249879787120000000e+11	5.231017540510000000e+11	0.000000000000000000e+00
5.287101401710000000e+11	4.186122647900000000e+10	0.000000000000000000e+00
5.230826723440000000e+11	5.263251107990000000e+11	1.000000000000000000e+00
5.269416249110000000e+11	5.276616255200000000e+11	1.000000000000000000e+00
5.228901212020000000e+11	3.900736467700000000e+10	1.000000000000000000e+00
5.228871522630000000e+11	5.254642012790000000e+11	1.000000000000000000e+00
5.277397207050000000e+11	5.221696340010000000e+11	0.000000000000000000e+00
4.469236824300000000e+10	4.528370866000000000e+10	0.000000000000000000e+00
5.272782852200000000e+11	5.265862661970000000e+11	1.000000000000000000e+00
5.272569865520000000e+11	5.270537114590000000e+11	1.000000000000000000e+00
5.230269787150000000e+11	5.259291556650000000e+11	0.000000000000000000e+00
5.282614132420000000e+11	1.888717805000000000e+10	0.000000000000000000e+00
5.273720232960000000e+11	4.566026500400000000e+10	1.000000000000000000e+00
5.281774230990000000e+11	4.496785238300000000e+10	1.000000000000000000e+00
5.289936662000000000e+11	5.211890591380000000e+11	0.000000000000000000e+00
5.257282412610000000e+11	5.260137149400000000e+11	0.000000000000000000e+00
4.467054561500000000e+10	4.470711651400000000e+10	0.000000000000000000e+00
5.294510540100000000e+11	5.269540947240000000e+11	0.000000000000000000e+00
5.205494013010000000e+11	3.752005517800000000e+10	0.000000000000000000e+00
5.272782852200000000e+11	5.220988686520000000e+11	1.000000000000000000e+00
5.225407117360000000e+11	2.512206840700000000e+10	0.000000000000000000e+00
4.379903258800000000e+10	4.411302267200000000e+10	0.000000000000000000e+00
5.206924351110000000e+11	5.217993776620000000e+11	0.000000000000000000e+00
5.286849558630000000e+11	5.258137045030000000e+11	1.000000000000000000e+00
5.271141830050000000e+11	3.791548908000000000e+10	0.000000000000000000e+00
5.273391382670000000e+11	5.214779640510000000e+11	0.000000000000000000e+00
5.265732726850000000e+11	5.273438588980000000e+11	1.000000000000000000e+00
5.204900347460000000e+11	5.230584481560000000e+11	0.000000000000000000e+00
5.273653842450000000e+11	5.230198891350000000e+11	0.000000000000000000e+00
4.308546517300000000e+10	5.275927705140000000e+11	1.000000000000000000e+00
4.334373374500000000e+10	5.230207782790000000e+11	0.000000000000000000e+00
5.253046587300000000e+11	5.262414461110000000e+11	0.000000000000000000e+00
4.551059387300000000e+10	5.261775195830000000e+11	1.000000000000000000e+00
5.260433030100000000e+11	5.269276068170000000e+11	0.000000000000000000e+00
3.697097469900000000e+10	5.264803464510000000e+11	0.000000000000000000e+00
5.270277839510000000e+11	5.264604365220000000e+11	1.000000000000000000e+00
5.206306633740000000e+11	4.211585546900000000e+10	0.000000000000000000e+00
5.258671714140000000e+11	5.269766228990000000e+11	1.000000000000000000e+00
5.255918090250000000e+11	5.226797940810000000e+11	0.000000000000000000e+00
5.287792269080000000e+11	5.257061200880000000e+11	0.000000000000000000e+00
5.248353082280000000e+11	5.210754223130000000e+11	1.000000000000000000e+00
5.273653842450000000e+11	5.265730445890000000e+11	0.000000000000000000e+00
5.282581408140000000e+11	5.277302603790000000e+11	0.000000000000000000e+00
4.421824955900000000e+10	5.263933475900000000e+11	0.000000000000000000e+00
5.282614132420000000e+11	2.188719672800000000e+10	0.000000000000000000e+00
5.286274237390000000e+11	5.230266882070000000e+11	1.000000000000000000e+00
5.221700846040000000e+11	5.269606849900000000e+11	0.000000000000000000e+00
5.245830258330000000e+11	5.211224292400000000e+11	1.000000000000000000e+00
3.698929431800000000e+10	5.265141435470000000e+11	0.000000000000000000e+00
5.246314874460000000e+11	4.450682100100000000e+10	0.000000000000000000e+00
5.294282043130000000e+11	5.260044314200000000e+11	1.000000000000000000e+00
5.286042098650000000e+11	5.269715732190000000e+11	1.000000000000000000e+00
5.283865213540000000e+11	2.223492891900000000e+10	0.000000000000000000e+00
4.381916528500000000e+10	1.888717805000000000e+10	0.000000000000000000e+00
5.258650399100000000e+11	4.179257764100000000e+10	1.000000000000000000e+00
5.286250557190000000e+11	5.258961492330000000e+11	1.000000000000000000e+00
5.294459464110000000e+11	5.258139887510000000e+11	1.000000000000000000e+00
3.631829268400000000e+10	5.259459292250000000e+11	1.000000000000000000e+00
5.272690861910000000e+11	1.397368272000000000e+10	1.000000000000000000e+00
5.271141830050000000e+11	4.088926124000000000e+10	1.000000000000000000e+00
5.272782852200000000e+11	4.519135938400000000e+10	1.000000000000000000e+00
5.275883365420000000e+11	5.208602279090000000e+11	1.000000000000000000e+00
5.292860356560000000e+11	5.254711865940000000e+11	0.000000000000000000e+00
5.205824040860000000e+11	5.211129717150000000e+11	0.000000000000000000e+00
5.213423202180000000e+11	5.263329235870000000e+11	0.000000000000000000e+00
5.272782852200000000e+11	5.230795977930000000e+11	1.000000000000000000e+00
4.333305782900000000e+10	5.258359282670000000e+11	0.000000000000000000e+00
4.568046819300000000e+10	5.231095687730000000e+11	1.000000000000000000e+00
5.294547652050000000e+11	5.207724159690000000e+11	1.000000000000000000e+00
5.211707351280000000e+11	5.261394075580000000e+11	0.000000000000000000e+00
4.056947860800000000e+10	5.272934662630000000e+11	1.000000000000000000e+00
5.293854238970000000e+11	5.217524368860000000e+11	0.000000000000000000e+00
5.269557026660000000e+11	5.256509957420000000e+11	1.000000000000000000e+00
5.229718476910000000e+11	5.272661391810000000e+11	1.000000000000000000e+00
5.287122085090000000e+11	5.259831408240000000e+11	1.000000000000000000e+00
5.222203885370000000e+11	5.218758389640000000e+11	1.000000000000000000e+00
5.269416249110000000e+11	5.269216213850000000e+11	1.000000000000000000e+00
4.522907519200000000e+10	3.509890819800000000e+10	0.000000000000000000e+00
3.920912650000000000e+10	5.265900327960000000e+11	0.000000000000000000e+00
5.260433030100000000e+11	5.255583064710000000e+11	0.000000000000000000e+00
5.259700787690000000e+11	5.272122230720000000e+11	1.000000000000000000e+00
5.281623419900000000e+11	5.230404584480000000e+11	1.000000000000000000e+00
5.230754788650000000e+11	5.221882253180000000e+11	0.000000000000000000e+00
5.216618096600000000e+11	5.247022342750000000e+11	1.000000000000000000e+00
4.562468590900000000e+10	5.254551898270000000e+11	0.000000000000000000e+00
5.257282412610000000e+11	5.259337736020000000e+11	0.000000000000000000e+00
5.229725315000000000e+11	5.255763009800000000e+11	0.000000000000000000e+00
4.452930024700000000e+10	2.614360430200000000e+10	1.000000000000000000e+00
4.350168875400000000e+10	1.646024602800000000e+10	1.000000000000000000e+00
5.258671714140000000e+11	5.262627784460000000e+11	1.000000000000000000e+00
5.255365817790000000e+11	5.265712322990000000e+11	1.000000000000000000e+00
5.272142952170000000e+11	5.229903985250000000e+11	1.000000000000000000e+00
3.852229314600000000e+10	5.251736525280000000e+11	0.000000000000000000e+00
5.207999384530000000e+11	4.409664063200000000e+10	0.000000000000000000e+00
5.230530306140000000e+11	5.273143088240000000e+11	1.000000000000000000e+00
5.205493498840000000e+11	5.231320016900000000e+11	1.000000000000000000e+00
5.230118028290000000e+11	5.208175003530000000e+11	1.000000000000000000e+00
5.257654083990000000e+11	5.233775874830000000e+11	1.000000000000000000e+00
3.556231398000000000e+10	5.230199174820000000e+11	0.000000000000000000e+00
5.206924351110000000e+11	5.273089917410000000e+11	1.000000000000000000e+00
4.566456801600000000e+10	5.283495010440000000e+11	1.000000000000000000e+00
5.259465645800000000e+11	5.254642012790000000e+11	1.000000000000000000e+00
5.258112009610000000e+11	5.246745704680000000e+11	1.000000000000000000e+00
5.287290639100000000e+11	5.282487870130000000e+11	0.000000000000000000e+00
5.230198891350000000e+11	5.273190846400000000e+11	0.000000000000000000e+00
4.436036228900000000e+10	4.321083988400000000e+10	1.000000000000000000e+00
5.222201524330000000e+11	5.226917488710000000e+11	0.000000000000000000e+00
5.291042066590000000e+11	4.159900637900000000e+10	1.000000000000000000e+00
4.566456801600000000e+10	4.421376766000000000e+10	0.000000000000000000e+00
5.286274237390000000e+11	5.250628637150000000e+11	0.000000000000000000e+00
5.287743682790000000e+11	5.271114596520000000e+11	1.000000000000000000e+00
5.272219514600000000e+11	2.066404434500000000e+10	1.000000000000000000e+00
5.273391382670000000e+11	5.271172026470000000e+11	0.000000000000000000e+00
4.568046819300000000e+10	5.255666144200000000e+11	1.000000000000000000e+00
5.286736504010000000e+11	5.286415879860000000e+11	1.000000000000000000e+00
5.237612077720000000e+11	4.480117591300000000e+10	0.000000000000000000e+00
5.272888404680000000e+11	5.260807027900000000e+11	1.000000000000000000e+00
5.292869470100000000e+11	5.201336435590000000e+11	0.000000000000000000e+00
5.272888404680000000e+11	5.219008218130000000e+11	1.000000000000000000e+00
5.206924351110000000e+11	5.230795977930000000e+11	1.000000000000000000e+00
5.287089608460000000e+11	5.211862514420000000e+11	1.000000000000000000e+00
5.287331040000000000e+11	4.009012262500000000e+10	0.000000000000000000e+00
5.263911802990000000e+11	5.270139735320000000e+11	0.000000000000000000e+00
5.229980952500000000e+11	4.459939777800000000e+10	0.000000000000000000e+00
5.232432542470000000e+11	5.279453830900000000e+11	0.000000000000000000e+00
5.283947005530000000e+11	5.226643868500000000e+11	0.000000000000000000e+00
5.230198891350000000e+11	5.212212726910000000e+11	0.000000000000000000e+00
5.231613707190000000e+11	5.269607261210000000e+11	0.000000000000000000e+00
5.250406900250000000e+11	5.275293413300000000e+11	0.000000000000000000e+00
5.219026879180000000e+11	5.278942063710000000e+11	0.000000000000000000e+00
5.287122085090000000e+11	5.283815982140000000e+11	1.000000000000000000e+00
5.206319008940000000e+11	5.253070871060000000e+11	0.000000000000000000e+00
5.211707351280000000e+11	5.282333476200000000e+11	0.000000000000000000e+00
4.447098711800000000e+10	5.275650070660000000e+11	0.000000000000000000e+00
5.276606064570000000e+11	5.274444570180000000e+11	0.000000000000000000e+00
3.631829268400000000e+10	5.247024054880000000e+11	1.000000000000000000e+00
5.219026879180000000e+11	3.528065322800000000e+10	1.000000000000000000e+00
5.293854238970000000e+11	5.200483429770000000e+11	1.000000000000000000e+00
4.568046819300000000e+10	5.259782419490000000e+11	0.000000000000000000e+00
5.255026246750000000e+11	5.269498044660000000e+11	1.000000000000000000e+00
5.213244578820000000e+11	5.210315288100000000e+11	0.000000000000000000e+00
5.265730445890000000e+11	5.257916456570000000e+11	1.000000000000000000e+00
5.206544020730000000e+11	5.260807027900000000e+11	1.000000000000000000e+00
4.197176996800000000e+10	4.455299680200000000e+10	1.000000000000000000e+00
5.283613941350000000e+11	5.269507244540000000e+11	0.000000000000000000e+00
5.250608188690000000e+11	5.281844757850000000e+11	0.000000000000000000e+00
5.287331040000000000e+11	4.452930024700000000e+10	0.000000000000000000e+00
5.269418483590000000e+11	4.570587125200000000e+10	1.000000000000000000e+00
5.288173888600000000e+11	5.263882167480000000e+11	0.000000000000000000e+00
5.230826723440000000e+11	5.291012673570000000e+11	0.000000000000000000e+00
5.287290639100000000e+11	5.269791083300000000e+11	1.000000000000000000e+00
3.631829268400000000e+10	5.222085279580000000e+11	1.000000000000000000e+00
5.213279425500000000e+11	3.772181908200000000e+10	1.000000000000000000e+00
5.217104568510000000e+11	4.370177625300000000e+10	1.000000000000000000e+00
4.447098711800000000e+10	4.382850289600000000e+10	0.000000000000000000e+00
5.283816268280000000e+11	5.273668652860000000e+11	1.000000000000000000e+00
4.383442093000000000e+10	5.280448099040000000e+11	1.000000000000000000e+00
5.286274237390000000e+11	5.214624928070000000e+11	0.000000000000000000e+00
5.232432542470000000e+11	5.208180050170000000e+11	0.000000000000000000e+00
5.287792269080000000e+11	5.209229700830000000e+11	1.000000000000000000e+00
5.273579257880000000e+11	5.283457555040000000e+11	0.000000000000000000e+00
5.265126289510000000e+11	5.262154512960000000e+11	0.000000000000000000e+00
5.240673938150000000e+11	5.257105441090000000e+11	1.000000000000000000e+00
5.237643198860000000e+11	5.283947005530000000e+11	1.000000000000000000e+00
5.283373810480000000e+11	5.253659708230000000e+11	0.000000000000000000e+00
4.436036228900000000e+10	5.208330856030000000e+11	0.000000000000000000e+00
5.283816268280000000e+11	5.209473477440000000e+11	0.000000000000000000e+00
5.231953898580000000e+11	5.283691300600000000e+11	0.000000000000000000e+00
5.205493498840000000e+11	4.129566168100000000e+10	1.000000000000000000e+00
5.265483392800000000e+11	5.261954607900000000e+11	0.000000000000000000e+00
5.215364217900000000e+11	5.215960931110000000e+11	1.000000000000000000e+00
5.272882246020000000e+11	5.271597334180000000e+11	0.000000000000000000e+00
5.237612077720000000e+11	5.270542492740000000e+11	1.000000000000000000e+00
5.228901212020000000e+11	5.269507244540000000e+11	1.000000000000000000e+00
5.247896118250000000e+11	5.220485102590000000e+11	1.000000000000000000e+00
4.350168875400000000e+10	5.273720232960000000e+11	1.000000000000000000e+00
5.256786912410000000e+11	5.243471043320000000e+11	1.000000000000000000e+00
5.229945812490000000e+11	5.254811767190000000e+11	1.000000000000000000e+00
5.260858979220000000e+11	5.260356546810000000e+11	0.000000000000000000e+00
4.381931750600000000e+10	5.259410665540000000e+11	0.000000000000000000e+00
5.243926383970000000e+11	5.270790942480000000e+11	0.000000000000000000e+00
5.287835664310000000e+11	3.642506799000000000e+10	0.000000000000000000e+00
5.229725315000000000e+11	4.381857799000000000e+10	1.000000000000000000e+00
5.275883365420000000e+11	5.230198299270000000e+11	1.000000000000000000e+00
5.231613707190000000e+11	5.220489063700000000e+11	1.000000000000000000e+00
5.287089608460000000e+11	5.273971332720000000e+11	1.000000000000000000e+00
5.230409705690000000e+11	5.204067258320000000e+11	0.000000000000000000e+00
5.272219514600000000e+11	5.233177648500000000e+11	0.000000000000000000e+00
5.259027670260000000e+11	5.282628687870000000e+11	1.000000000000000000e+00
5.229698558120000000e+11	5.260376287580000000e+11	1.000000000000000000e+00
5.205196604270000000e+11	5.241703089020000000e+11	0.000000000000000000e+00
5.222203885370000000e+11	5.265734130350000000e+11	1.000000000000000000e+00
5.230205537390000000e+11	5.260022759260000000e+11	1.000000000000000000e+00
5.258112009610000000e+11	5.245770883880000000e+11	1.000000000000000000e+00
5.283151482970000000e+11	5.279453830900000000e+11	1.000000000000000000e+00
4.426579892700000000e+10	5.250693116540000000e+11	1.000000000000000000e+00
5.213279425500000000e+11	5.271163881870000000e+11	0.000000000000000000e+00
5.287101401710000000e+11	5.269502408940000000e+11	1.000000000000000000e+00
5.276052293020000000e+11	2.010375757000000000e+10	1.000000000000000000e+00
5.230285817900000000e+11	5.279727323440000000e+11	0.000000000000000000e+00
4.375834071500000000e+10	5.215242879640000000e+11	1.000000000000000000e+00
5.283879315160000000e+11	5.201476370070000000e+11	0.000000000000000000e+00
5.276606064570000000e+11	5.230255560130000000e+11	1.000000000000000000e+00
5.253180243670000000e+11	5.283826270600000000e+11	1.000000000000000000e+00
4.056947860800000000e+10	5.255641734860000000e+11	1.000000000000000000e+00
3.697097469900000000e+10	5.259754552620000000e+11	0.000000000000000000e+00
4.320978785200000000e+10	5.273112655500000000e+11	0.000000000000000000e+00
4.349484459100000000e+10	5.255269421420000000e+11	1.000000000000000000e+00
5.222190045490000000e+11	5.280630819650000000e+11	0.000000000000000000e+00
5.276973147100000000e+11	5.233508685730000000e+11	0.000000000000000000e+00
5.205186760740000000e+11	5.283131380500000000e+11	1.000000000000000000e+00
5.206924351110000000e+11	5.265711538230000000e+11	0.000000000000000000e+00
5.259465645800000000e+11	5.213269522780000000e+11	0.000000000000000000e+00
5.213683293590000000e+11	3.822373864800000000e+10	0.000000000000000000e+00
5.257526373890000000e+11	5.256876784680000000e+11	1.000000000000000000e+00
3.839824163200000000e+10	5.283542765440000000e+11	0.000000000000000000e+00
5.272569865520000000e+11	5.211478509590000000e+11	0.000000000000000000e+00
5.226675421330000000e+11	5.273297285690000000e+11	0.000000000000000000e+00
5.291042066590000000e+11	5.257105441090000000e+11	1.000000000000000000e+00
4.379903258800000000e+10	5.215430087450000000e+11	0.000000000000000000e+00
4.557997425700000000e+10	5.283149900330000000e+11	0.000000000000000000e+00
5.229972009310000000e+11	5.211912271840000000e+11	1.000000000000000000e+00
4.455636899400000000e+10	3.581754931200000000e+10	0.000000000000000000e+00
5.275605188900000000e+11	5.269607261210000000e+11	0.000000000000000000e+00
5.286736504010000000e+11	5.270277839510000000e+11	1.000000000000000000e+00
5.275620435740000000e+11	5.207249357480000000e+11	0.000000000000000000e+00
5.243923824050000000e+11	5.213449776920000000e+11	1.000000000000000000e+00
3.556231398000000000e+10	3.822373864800000000e+10	0.000000000000000000e+00
5.259465645800000000e+11	5.244867174720000000e+11	1.000000000000000000e+00
5.276071744070000000e+11	5.248707403240000000e+11	0.000000000000000000e+00
5.230409705690000000e+11	5.269498044660000000e+11	1.000000000000000000e+00
5.229188621120000000e+11	5.252902203300000000e+11	0.000000000000000000e+00
5.287331040000000000e+11	5.221880614930000000e+11	0.000000000000000000e+00
5.229718476910000000e+11	5.271854700380000000e+11	1.000000000000000000e+00
5.205493498840000000e+11	5.212637488950000000e+11	1.000000000000000000e+00
5.209640920590000000e+11	5.240508389760000000e+11	0.000000000000000000e+00
5.230118028290000000e+11	5.229119683060000000e+11	1.000000000000000000e+00
5.294407629130000000e+11	4.410923604600000000e+10	0.000000000000000000e+00
5.221696340010000000e+11	5.200483429770000000e+11	1.000000000000000000e+00
3.907733469800000000e+10	5.209049768810000000e+11	0.000000000000000000e+00
5.204900347460000000e+11	5.258962159940000000e+11	0.000000000000000000e+00
5.272690861910000000e+11	5.217115932770000000e+11	0.000000000000000000e+00
5.249879787120000000e+11	5.213161946420000000e+11	1.000000000000000000e+00
5.272916362090000000e+11	4.404123663800000000e+10	0.000000000000000000e+00
5.205469757470000000e+11	4.065189356500000000e+10	1.000000000000000000e+00
4.459939777800000000e+10	5.284862198980000000e+11	1.000000000000000000e+00
4.452930024700000000e+10	5.254817110570000000e+11	1.000000000000000000e+00
4.375834071500000000e+10	5.247633474910000000e+11	1.000000000000000000e+00
5.283130142040000000e+11	4.156294079000000000e+10	0.000000000000000000e+00
5.205494013010000000e+11	5.283816268280000000e+11	1.000000000000000000e+00
5.228950681840000000e+11	5.228607404940000000e+11	0.000000000000000000e+00
5.258671714140000000e+11	5.256132367590000000e+11	0.000000000000000000e+00
5.286274237390000000e+11	4.584765849200000000e+10	0.000000000000000000e+00
5.257105441090000000e+11	5.260356546810000000e+11	0.000000000000000000e+00
5.260858979220000000e+11	5.259410665540000000e+11	0.000000000000000000e+00
4.381931750600000000e+10	5.259459292250000000e+11	1.000000000000000000e+00
5.275883365420000000e+11	5.214187716510000000e+11	0.000000000000000000e+00
5.287835664310000000e+11	5.216011586750000000e+11	0.000000000000000000e+00
4.308546517300000000e+10	4.391071106500000000e+10	0.000000000000000000e+00
5.229980952500000000e+11	5.213231416470000000e+11	0.000000000000000000e+00
5.204900347460000000e+11	4.380129761900000000e+10	1.000000000000000000e+00
4.452635208100000000e+10	5.247896118250000000e+11	1.000000000000000000e+00
5.259685256830000000e+11	5.263587116450000000e+11	1.000000000000000000e+00
5.257105441090000000e+11	5.216367970070000000e+11	1.000000000000000000e+00
3.920912650000000000e+10	5.269486487320000000e+11	1.000000000000000000e+00
5.286736504010000000e+11	5.264137017080000000e+11	1.000000000000000000e+00
5.293751441580000000e+11	5.216671362050000000e+11	1.000000000000000000e+00
4.197176996800000000e+10	5.255242669080000000e+11	1.000000000000000000e+00
5.257112529820000000e+11	4.164505704200000000e+10	1.000000000000000000e+00
5.260360004920000000e+11	5.262034563230000000e+11	0.000000000000000000e+00
5.247941667890000000e+11	4.377173867000000000e+10	1.000000000000000000e+00
5.287290639100000000e+11	5.260373162480000000e+11	1.000000000000000000e+00
5.207974426070000000e+11	5.253180243670000000e+11	1.000000000000000000e+00
5.286736504010000000e+11	5.282744729040000000e+11	1.000000000000000000e+00
4.056947860800000000e+10	5.279826423720000000e+11	1.000000000000000000e+00
5.286849558630000000e+11	5.271930810350000000e+11	1.000000000000000000e+00
5.257654083990000000e+11	4.113803769000000000e+10	1.000000000000000000e+00
5.259835968220000000e+11	3.957331261200000000e+10	0.000000000000000000e+00
5.272782852200000000e+11	4.304844185000000000e+10	0.000000000000000000e+00
5.292192777580000000e+11	5.210315288100000000e+11	1.000000000000000000e+00
5.275620435740000000e+11	5.220489063700000000e+11	0.000000000000000000e+00
5.269416249110000000e+11	5.230200665770000000e+11	0.000000000000000000e+00
5.255166478020000000e+11	4.319996042900000000e+10	0.000000000000000000e+00
4.350168875400000000e+10	5.278404514880000000e+11	1.000000000000000000e+00
3.631829268400000000e+10	4.569288256600000000e+10	1.000000000000000000e+00
5.254890896650000000e+11	5.284101103870000000e+11	0.000000000000000000e+00
5.230893323150000000e+11	5.276778204210000000e+11	1.000000000000000000e+00
5.245830258330000000e+11	5.269415924540000000e+11	1.000000000000000000e+00
5.283816268280000000e+11	5.284820132340000000e+11	0.000000000000000000e+00
5.260533053490000000e+11	5.279908918630000000e+11	0.000000000000000000e+00
5.229994561060000000e+11	4.530190138500000000e+10	0.000000000000000000e+00
5.272142952170000000e+11	5.215528848440000000e+11	1.000000000000000000e+00
5.218289929770000000e+11	5.283245596370000000e+11	1.000000000000000000e+00
5.222203885370000000e+11	5.210918290370000000e+11	1.000000000000000000e+00
4.383442093000000000e+10	5.280769509080000000e+11	1.000000000000000000e+00
4.452599951600000000e+10	5.231598179270000000e+11	1.000000000000000000e+00
5.271141830050000000e+11	5.276247579300000000e+11	1.000000000000000000e+00
5.221670336810000000e+11	5.262248759240000000e+11	1.000000000000000000e+00
5.240673827890000000e+11	5.219782162550000000e+11	1.000000000000000000e+00
5.222190045490000000e+11	5.269766228990000000e+11	1.000000000000000000e+00
4.371536986000000000e+10	5.278521894750000000e+11	1.000000000000000000e+00
5.286274237390000000e+11	4.286073792100000000e+10	1.000000000000000000e+00
5.269416249110000000e+11	2.338678036100000000e+10	1.000000000000000000e+00
5.229994561060000000e+11	5.247573588210000000e+11	1.000000000000000000e+00
4.383442093000000000e+10	5.209786975110000000e+11	1.000000000000000000e+00
5.258650399100000000e+11	4.550983272000000000e+10	0.000000000000000000e+00
5.287743682790000000e+11	4.398640830600000000e+10	1.000000000000000000e+00
5.205824040860000000e+11	5.205792403600000000e+11	1.000000000000000000e+00
4.197176996800000000e+10	5.214187716510000000e+11	1.000000000000000000e+00
5.230565577090000000e+11	5.269744575160000000e+11	1.000000000000000000e+00
5.259027670260000000e+11	4.385808540400000000e+10	1.000000000000000000e+00
4.566456801600000000e+10	5.254946380190000000e+11	1.000000000000000000e+00
5.259707811050000000e+11	5.256878826990000000e+11	0.000000000000000000e+00
4.421824955900000000e+10	5.271854700380000000e+11	0.000000000000000000e+00
5.230409705690000000e+11	5.205502023100000000e+11	1.000000000000000000e+00
5.205491539460000000e+11	5.230386635170000000e+11	1.000000000000000000e+00
5.283947005530000000e+11	4.469745878900000000e+10	1.000000000000000000e+00
5.293751441580000000e+11	5.283815982140000000e+11	1.000000000000000000e+00
5.221700846040000000e+11	5.275620435740000000e+11	1.000000000000000000e+00
4.308546517300000000e+10	5.216528193340000000e+11	1.000000000000000000e+00
5.243926383970000000e+11	5.279453830900000000e+11	0.000000000000000000e+00
5.272690861910000000e+11	5.278559344700000000e+11	1.000000000000000000e+00
5.259465645800000000e+11	4.186122647900000000e+10	0.000000000000000000e+00
4.375834071500000000e+10	5.265712322990000000e+11	1.000000000000000000e+00
5.291387246070000000e+11	5.211058089940000000e+11	1.000000000000000000e+00
5.207999384530000000e+11	5.211129717150000000e+11	0.000000000000000000e+00
5.287835664310000000e+11	5.283947005530000000e+11	0.000000000000000000e+00
5.269416249110000000e+11	5.263251107990000000e+11	1.000000000000000000e+00
5.272782852200000000e+11	5.282878092400000000e+11	1.000000000000000000e+00
5.228901212020000000e+11	5.231320016900000000e+11	1.000000000000000000e+00
5.228871522630000000e+11	3.900736467700000000e+10	1.000000000000000000e+00
5.272888404680000000e+11	5.254642012790000000e+11	1.000000000000000000e+00
5.230204503600000000e+11	5.261394075580000000e+11	0.000000000000000000e+00
5.286736504010000000e+11	5.263329235870000000e+11	0.000000000000000000e+00
5.277397207050000000e+11	4.439894908000000000e+10	0.000000000000000000e+00
4.469236824300000000e+10	5.221696340010000000e+11	1.000000000000000000e+00
5.209640920590000000e+11	4.528370866000000000e+10	0.000000000000000000e+00
5.269352739000000000e+11	5.231306053440000000e+11	0.000000000000000000e+00
3.556231398000000000e+10	5.205931754100000000e+11	0.000000000000000000e+00
5.272782852200000000e+11	5.210575230660000000e+11	0.000000000000000000e+00
5.261455370640000000e+11	4.591606073900000000e+10	0.000000000000000000e+00
5.252939634130000000e+11	5.263251107990000000e+11	0.000000000000000000e+00
5.272569865520000000e+11	5.230207782790000000e+11	1.000000000000000000e+00
5.205493498840000000e+11	4.156294079000000000e+10	1.000000000000000000e+00
4.444600352300000000e+10	5.213051777100000000e+11	1.000000000000000000e+00
5.287290639100000000e+11	5.226442160680000000e+11	0.000000000000000000e+00
5.231953898580000000e+11	4.169148513500000000e+10	0.000000000000000000e+00
5.269418483590000000e+11	5.248707403240000000e+11	0.000000000000000000e+00
5.237612077720000000e+11	5.275953605970000000e+11	1.000000000000000000e+00
5.287835664310000000e+11	4.591606073900000000e+10	0.000000000000000000e+00
5.222203885370000000e+11	5.219463976390000000e+11	1.000000000000000000e+00
5.228901212020000000e+11	5.259291556650000000e+11	0.000000000000000000e+00
5.276992381370000000e+11	5.271113395700000000e+11	0.000000000000000000e+00
5.282614132420000000e+11	4.412062825100000000e+10	1.000000000000000000e+00
5.229188621120000000e+11	1.888717805000000000e+10	0.000000000000000000e+00
5.273720232960000000e+11	5.283310159030000000e+11	0.000000000000000000e+00
5.281774230990000000e+11	4.566026500400000000e+10	0.000000000000000000e+00
5.287290639100000000e+11	4.496785238300000000e+10	0.000000000000000000e+00
5.222190045490000000e+11	5.283944251230000000e+11	1.000000000000000000e+00
5.216049460280000000e+11	5.254811767190000000e+11	1.000000000000000000e+00
5.289936662000000000e+11	5.219329404600000000e+11	0.000000000000000000e+00
4.320978785200000000e+10	5.271149929400000000e+11	0.000000000000000000e+00
5.287290639100000000e+11	5.291566934490000000e+11	0.000000000000000000e+00
5.257282412610000000e+11	5.212443429830000000e+11	1.000000000000000000e+00
5.230409705690000000e+11	5.260137149400000000e+11	1.000000000000000000e+00
5.281625134420000000e+11	5.216612168050000000e+11	0.000000000000000000e+00
5.247941667890000000e+11	5.266053442300000000e+11	0.000000000000000000e+00
3.921947902100000000e+10	5.230207782790000000e+11	0.000000000000000000e+00
4.467054561500000000e+10	5.273494676080000000e+11	0.000000000000000000e+00
5.205494013010000000e+11	5.269540947240000000e+11	1.000000000000000000e+00
5.272782852200000000e+11	3.752005517800000000e+10	0.000000000000000000e+00
5.269416249110000000e+11	5.220988686520000000e+11	1.000000000000000000e+00
5.282507559620000000e+11	4.297440653400000000e+10	0.000000000000000000e+00
5.229698558120000000e+11	5.277302603790000000e+11	1.000000000000000000e+00
5.287294593830000000e+11	4.056936343300000000e+10	1.000000000000000000e+00
5.230530306140000000e+11	5.259379612780000000e+11	0.000000000000000000e+00
5.269415924540000000e+11	4.239686666400000000e+10	0.000000000000000000e+00
5.215364217900000000e+11	3.573284718100000000e+10	0.000000000000000000e+00
5.294510540100000000e+11	5.290263606460000000e+11	0.000000000000000000e+00
4.568046819300000000e+10	5.213231416470000000e+11	0.000000000000000000e+00
5.287089608460000000e+11	5.276553740090000000e+11	1.000000000000000000e+00
4.456786049700000000e+10	5.262018849820000000e+11	0.000000000000000000e+00
5.222203885370000000e+11	5.230255560130000000e+11	1.000000000000000000e+00
3.920912650000000000e+10	2.512206840700000000e+10	0.000000000000000000e+00
5.279697887090000000e+11	5.295624682530000000e+11	0.000000000000000000e+00
4.348433462400000000e+10	5.282926934220000000e+11	1.000000000000000000e+00
4.371536986000000000e+10	5.208572564670000000e+11	0.000000000000000000e+00
5.276407904510000000e+11	4.367040363000000000e+10	1.000000000000000000e+00
4.379903258800000000e+10	5.261380235470000000e+11	0.000000000000000000e+00
5.229945812490000000e+11	4.411302267200000000e+10	1.000000000000000000e+00
5.272142952170000000e+11	5.283245596370000000e+11	1.000000000000000000e+00
5.213279425500000000e+11	5.278521894750000000e+11	1.000000000000000000e+00
5.286274237390000000e+11	5.209402128110000000e+11	0.000000000000000000e+00
5.230565577090000000e+11	4.385808540400000000e+10	0.000000000000000000e+00
5.259027670260000000e+11	5.254946380190000000e+11	0.000000000000000000e+00
5.230409705690000000e+11	5.230386635170000000e+11	0.000000000000000000e+00
5.205491539460000000e+11	4.469745878900000000e+10	1.000000000000000000e+00
5.283947005530000000e+11	5.220305996810000000e+11	1.000000000000000000e+00
5.276973147100000000e+11	5.226917488710000000e+11	1.000000000000000000e+00
5.222201524330000000e+11	5.270718699450000000e+11	1.000000000000000000e+00
4.450996522500000000e+10	4.159900637900000000e+10	1.000000000000000000e+00
5.287122085090000000e+11	5.250628637150000000e+11	0.000000000000000000e+00
5.273391382670000000e+11	5.255666144200000000e+11	0.000000000000000000e+00
5.286736504010000000e+11	4.480117591300000000e+10	0.000000000000000000e+00
5.237612077720000000e+11	5.260807027900000000e+11	1.000000000000000000e+00
5.292869470100000000e+11	5.219008218130000000e+11	0.000000000000000000e+00
5.206924351110000000e+11	5.211862514420000000e+11	1.000000000000000000e+00
5.287089608460000000e+11	4.009012262500000000e+10	1.000000000000000000e+00
5.229980952500000000e+11	5.279453830900000000e+11	0.000000000000000000e+00
5.230198891350000000e+11	5.269607261210000000e+11	0.000000000000000000e+00
5.231613707190000000e+11	5.275293413300000000e+11	1.000000000000000000e+00
5.211707351280000000e+11	5.275650070660000000e+11	0.000000000000000000e+00
4.447098711800000000e+10	5.274444570180000000e+11	0.000000000000000000e+00
5.293854238970000000e+11	4.314730247900000000e+10	1.000000000000000000e+00
5.273470025030000000e+11	5.259782419490000000e+11	0.000000000000000000e+00
5.255026246750000000e+11	5.210315288100000000e+11	0.000000000000000000e+00
5.213244578820000000e+11	5.272674262440000000e+11	0.000000000000000000e+00
5.206544020730000000e+11	4.455299680200000000e+10	0.000000000000000000e+00
4.197176996800000000e+10	5.269507244540000000e+11	1.000000000000000000e+00
5.283613941350000000e+11	5.281844757850000000e+11	0.000000000000000000e+00
5.250608188690000000e+11	5.264542514040000000e+11	1.000000000000000000e+00
4.447098711800000000e+10	3.616958736300000000e+10	0.000000000000000000e+00
5.273579257880000000e+11	5.262154512960000000e+11	0.000000000000000000e+00
4.436036228900000000e+10	5.209473477440000000e+11	0.000000000000000000e+00
5.215364217900000000e+11	5.274094161950000000e+11	0.000000000000000000e+00
5.229945812490000000e+11	5.278714739900000000e+11	1.000000000000000000e+00
5.243926383970000000e+11	3.642506799000000000e+10	0.000000000000000000e+00
3.839824163200000000e+10	5.281967863030000000e+11	1.000000000000000000e+00
5.257526373890000000e+11	5.281851338970000000e+11	0.000000000000000000e+00
5.230315078710000000e+11	4.379018345000000000e+10	1.000000000000000000e+00
5.269418483590000000e+11	1.970456321800000000e+10	1.000000000000000000e+00
5.272882246020000000e+11	4.562468590900000000e+10	0.000000000000000000e+00
5.270935503140000000e+11	5.287018353070000000e+11	0.000000000000000000e+00
5.269791083300000000e+11	5.260535653730000000e+11	0.000000000000000000e+00
4.568046819300000000e+10	5.283170804240000000e+11	0.000000000000000000e+00
4.489054863100000000e+10	5.279406236770000000e+11	0.000000000000000000e+00
5.229188621120000000e+11	5.255641734860000000e+11	1.000000000000000000e+00
5.272782852200000000e+11	5.277196272610000000e+11	1.000000000000000000e+00
5.291015862400000000e+11	5.279401108600000000e+11	0.000000000000000000e+00
5.283613941350000000e+11	5.258112009610000000e+11	0.000000000000000000e+00
3.697097469900000000e+10	5.274444570180000000e+11	0.000000000000000000e+00
5.258650399100000000e+11	5.249429448910000000e+11	1.000000000000000000e+00
4.436036228900000000e+10	4.351837698400000000e+10	0.000000000000000000e+00
5.226469057840000000e+11	5.283867869860000000e+11	0.000000000000000000e+00
5.226675421330000000e+11	5.271113395700000000e+11	0.000000000000000000e+00
3.921947902100000000e+10	5.281455547980000000e+11	0.000000000000000000e+00
5.229698558120000000e+11	5.253198247230000000e+11	1.000000000000000000e+00
5.205186760740000000e+11	5.291193215010000000e+11	0.000000000000000000e+00
5.286736504010000000e+11	2.003987334700000000e+10	1.000000000000000000e+00
4.381931750600000000e+10	1.927765098900000000e+10	1.000000000000000000e+00
5.251499989590000000e+11	5.282335110200000000e+11	0.000000000000000000e+00
4.446812679600000000e+10	5.272721503710000000e+11	0.000000000000000000e+00
5.229725315000000000e+11	5.217369393070000000e+11	0.000000000000000000e+00
5.206924351110000000e+11	5.283761745560000000e+11	1.000000000000000000e+00
5.231953898580000000e+11	5.282926934220000000e+11	1.000000000000000000e+00
5.257526373890000000e+11	5.207724159690000000e+11	1.000000000000000000e+00
5.260858979220000000e+11	4.462888684400000000e+10	1.000000000000000000e+00
5.277502782490000000e+11	5.211890591380000000e+11	0.000000000000000000e+00
5.244012567890000000e+11	2.208257170700000000e+10	0.000000000000000000e+00
5.210920638310000000e+11	5.289936662000000000e+11	0.000000000000000000e+00
5.272142952170000000e+11	5.209402128110000000e+11	0.000000000000000000e+00
4.379903258800000000e+10	4.132502597500000000e+10	0.000000000000000000e+00
5.228950681840000000e+11	5.279963699390000000e+11	0.000000000000000000e+00
4.334373374500000000e+10	5.262414461110000000e+11	0.000000000000000000e+00
5.270277839510000000e+11	4.211585546900000000e+10	0.000000000000000000e+00
5.262301287130000000e+11	5.257061200880000000e+11	1.000000000000000000e+00
5.287792269080000000e+11	5.210754223130000000e+11	1.000000000000000000e+00
5.273653842450000000e+11	5.277302603790000000e+11	0.000000000000000000e+00
5.282581408140000000e+11	5.263933475900000000e+11	0.000000000000000000e+00
5.294049174550000000e+11	2.188719672800000000e+10	1.000000000000000000e+00
5.245830258330000000e+11	5.265141435470000000e+11	0.000000000000000000e+00
5.246314874460000000e+11	5.287458618020000000e+11	1.000000000000000000e+00
5.286042098650000000e+11	2.223492891900000000e+10	1.000000000000000000e+00
5.283865213540000000e+11	1.888717805000000000e+10	0.000000000000000000e+00
5.286250557190000000e+11	5.258139887510000000e+11	1.000000000000000000e+00
