5.214835301480000000e+11	5.294448031330000000e+11	0.000000000000000000e+00
4.375378456600000000e+10	3.572295654600000000e+10	0.000000000000000000e+00
1.019429585600000000e+10	5.214340845270000000e+11	0.000000000000000000e+00
5.226455645390000000e+11	5.297735024060000000e+11	0.000000000000000000e+00
5.212437419760000000e+11	5.214982281380000000e+11	1.000000000000000000e+00
5.296860385790000000e+11	4.411764607300000000e+10	0.000000000000000000e+00
4.098113949000000000e+10	2.589589254700000000e+10	0.000000000000000000e+00
5.212868647300000000e+11	4.491744468100000000e+10	0.000000000000000000e+00
5.281733314150000000e+11	1.279426286400000000e+10	0.000000000000000000e+00
4.127315986500000000e+10	5.230522281670000000e+11	0.000000000000000000e+00
3.726460993100000000e+10	4.015804220200000000e+10	0.000000000000000000e+00
5.237524739760000000e+11	3.979466942400000000e+10	0.000000000000000000e+00
4.419774878900000000e+10	5.210406603480000000e+11	0.000000000000000000e+00
5.293463830140000000e+11	5.284783714150000000e+11	1.000000000000000000e+00
1.391854572300000000e+10	5.283640208610000000e+11	1.000000000000000000e+00
5.279784815870000000e+11	3.909406662000000000e+10	0.000000000000000000e+00
5.274447433600000000e+11	5.230346248530000000e+11	0.000000000000000000e+00
4.541948579100000000e+10	5.293365914800000000e+11	0.000000000000000000e+00
4.404212351300000000e+10	5.229608068120000000e+11	0.000000000000000000e+00
4.473202191200000000e+10	5.213957676620000000e+11	0.000000000000000000e+00
5.291560215350000000e+11	5.229730445980000000e+11	1.000000000000000000e+00
5.271606689930000000e+11	3.545425522700000000e+10	0.000000000000000000e+00
5.276131501110000000e+11	5.293375311880000000e+11	1.000000000000000000e+00
5.273253093890000000e+11	3.999176880000000000e+10	0.000000000000000000e+00
5.262250274210000000e+11	5.208620076210000000e+11	0.000000000000000000e+00
3.527216207100000000e+10	5.261493813520000000e+11	0.000000000000000000e+00
5.274772753720000000e+11	4.397709129400000000e+10	1.000000000000000000e+00
3.914612942400000000e+10	5.277478243510000000e+11	1.000000000000000000e+00
5.242440710600000000e+11	5.273902947850000000e+11	0.000000000000000000e+00
5.207324181230000000e+11	4.131512272500000000e+10	0.000000000000000000e+00
4.522773507200000000e+10	5.233844829870000000e+11	0.000000000000000000e+00
5.231840586470000000e+11	5.208493080300000000e+11	0.000000000000000000e+00
3.895689270000000000e+10	5.281695484520000000e+11	0.000000000000000000e+00
5.295142266040000000e+11	1.893819393200000000e+10	1.000000000000000000e+00
5.282701999440000000e+11	4.176428117100000000e+10	0.000000000000000000e+00
1.819591039600000000e+10	4.482674285900000000e+10	0.000000000000000000e+00
3.694131851100000000e+10	5.265113660000000000e+11	0.000000000000000000e+00
5.230039416360000000e+11	3.922204816300000000e+10	1.000000000000000000e+00
5.206231784110000000e+11	5.301686010670000000e+11	0.000000000000000000e+00
5.214617329510000000e+11	4.102362265800000000e+10	0.000000000000000000e+00
5.216078912380000000e+11	1.941343301900000000e+10	0.000000000000000000e+00
5.208134221340000000e+11	5.274811895860000000e+11	0.000000000000000000e+00
5.230715820580000000e+11	4.126726471200000000e+10	0.000000000000000000e+00
5.273318645270000000e+11	4.109113517800000000e+10	0.000000000000000000e+00
4.005462728300000000e+10	4.365390256500000000e+10	0.000000000000000000e+00
1.951675472700000000e+10	5.281749629890000000e+11	0.000000000000000000e+00
5.204349146080000000e+11	5.273047611830000000e+11	0.000000000000000000e+00
5.210839221830000000e+11	4.194253059300000000e+10	0.000000000000000000e+00
4.000929079000000000e+10	4.401120515700000000e+10	0.000000000000000000e+00
1.650591186700000000e+10	5.283596368730000000e+11	0.000000000000000000e+00
4.361310430900000000e+10	5.226455077890000000e+11	0.000000000000000000e+00
5.204583599130000000e+11	5.217179784080000000e+11	0.000000000000000000e+00
4.572729514800000000e+10	4.028809253300000000e+10	0.000000000000000000e+00
5.203583709640000000e+11	5.216955613920000000e+11	0.000000000000000000e+00
1.410896176900000000e+10	5.276153138730000000e+11	0.000000000000000000e+00
5.281873557310000000e+11	4.331912430500000000e+10	0.000000000000000000e+00
4.084425894300000000e+10	5.212723365570000000e+11	0.000000000000000000e+00
5.216313996400000000e+11	5.279805216100000000e+11	0.000000000000000000e+00
4.535658601700000000e+10	5.241792812680000000e+11	0.000000000000000000e+00
5.284593121130000000e+11	5.282858016370000000e+11	0.000000000000000000e+00
1.789790655500000000e+10	4.412512392200000000e+10	0.000000000000000000e+00
5.220487088030000000e+11	4.027266260000000000e+10	0.000000000000000000e+00
4.024075661600000000e+10	5.264541880000000000e+11	0.000000000000000000e+00
5.296863500810000000e+11	5.274590842060000000e+11	1.000000000000000000e+00
4.088288088700000000e+10	4.103802022200000000e+10	0.000000000000000000e+00
5.265639740690000000e+11	4.438153434200000000e+10	0.000000000000000000e+00
3.569580349800000000e+10	2.198372351000000000e+10	0.000000000000000000e+00
5.257421434450000000e+11	5.294513964500000000e+11	0.000000000000000000e+00
5.292061385450000000e+11	5.283820574660000000e+11	0.000000000000000000e+00
4.212658115700000000e+10	3.545539652100000000e+10	0.000000000000000000e+00
5.262042689770000000e+11	4.162843810100000000e+10	0.000000000000000000e+00
3.915381774700000000e+10	1.936354952100000000e+10	0.000000000000000000e+00
4.109843600500000000e+10	4.068615889900000000e+10	0.000000000000000000e+00
4.108923308600000000e+10	5.281435227770000000e+11	0.000000000000000000e+00
5.208771066950000000e+11	5.271208864900000000e+11	1.000000000000000000e+00
5.228422065130000000e+11	4.519312698800000000e+10	0.000000000000000000e+00
5.218033069880000000e+11	3.881244213900000000e+10	0.000000000000000000e+00
4.361584970900000000e+10	5.271376069700000000e+11	0.000000000000000000e+00
5.203210441390000000e+11	4.106851649100000000e+10	0.000000000000000000e+00
4.244941426100000000e+10	5.274244210340000000e+11	1.000000000000000000e+00
5.272710256870000000e+11	4.136869265500000000e+10	0.000000000000000000e+00
5.213561686010000000e+11	5.285597841120000000e+11	0.000000000000000000e+00
5.283839829700000000e+11	5.273762311970000000e+11	1.000000000000000000e+00
1.828341097200000000e+10	4.535566428100000000e+10	0.000000000000000000e+00
5.242704961820000000e+11	3.581844843300000000e+10	0.000000000000000000e+00
4.077487950000000000e+10	5.292160933280000000e+11	0.000000000000000000e+00
4.108016535000000000e+10	5.273305608890000000e+11	0.000000000000000000e+00
5.228155778520000000e+11	4.394069731500000000e+10	1.000000000000000000e+00
5.209293389810000000e+11	4.376233060000000000e+10	0.000000000000000000e+00
5.248082202030000000e+11	5.226921109120000000e+11	1.000000000000000000e+00
5.276459700380000000e+11	5.207631143360000000e+11	1.000000000000000000e+00
3.878313448400000000e+10	3.747985192800000000e+10	0.000000000000000000e+00
3.878313448400000000e+10	5.283765023260000000e+11	0.000000000000000000e+00
5.226784812010000000e+11	5.208469157260000000e+11	0.000000000000000000e+00
3.878313448400000000e+10	4.509733861200000000e+10	1.000000000000000000e+00
5.214039282620000000e+11	4.112906688800000000e+10	0.000000000000000000e+00
3.878313448400000000e+10	5.274748199500000000e+11	0.000000000000000000e+00
5.279958546640000000e+11	5.286385744420000000e+11	0.000000000000000000e+00
5.279958546640000000e+11	5.230346248530000000e+11	0.000000000000000000e+00
3.878313448400000000e+10	5.265149590520000000e+11	0.000000000000000000e+00
3.725703877200000000e+10	4.560153413700000000e+10	0.000000000000000000e+00
5.214039282620000000e+11	5.205150755680000000e+11	0.000000000000000000e+00
3.878313448400000000e+10	5.212067395270000000e+11	0.000000000000000000e+00
3.725703877200000000e+10	4.574944626300000000e+10	1.000000000000000000e+00
3.725703877200000000e+10	4.509733861200000000e+10	1.000000000000000000e+00
5.214039282620000000e+11	5.214816247220000000e+11	0.000000000000000000e+00
5.214039282620000000e+11	5.210740889060000000e+11	0.000000000000000000e+00
3.878313448400000000e+10	5.265847340120000000e+11	0.000000000000000000e+00
3.878313448400000000e+10	5.281680721300000000e+11	0.000000000000000000e+00
3.714853329700000000e+10	4.087432992500000000e+10	0.000000000000000000e+00
5.279958546640000000e+11	5.225833681280000000e+11	0.000000000000000000e+00
5.279958546640000000e+11	5.261641561820000000e+11	0.000000000000000000e+00
5.214039282620000000e+11	4.087432992500000000e+10	0.000000000000000000e+00
5.214039282620000000e+11	3.555984916900000000e+10	0.000000000000000000e+00
5.214039282620000000e+11	4.377898139900000000e+10	0.000000000000000000e+00
5.214039282620000000e+11	5.290490067910000000e+11	0.000000000000000000e+00
5.209490114480000000e+11	1.993903405900000000e+10	0.000000000000000000e+00
3.878313448400000000e+10	5.290121459670000000e+11	0.000000000000000000e+00
5.209490114480000000e+11	5.272930152660000000e+11	0.000000000000000000e+00
5.279958546640000000e+11	5.273163646280000000e+11	0.000000000000000000e+00
3.725703877200000000e+10	4.524004836100000000e+10	1.000000000000000000e+00
4.498652643900000000e+10	5.213061632250000000e+11	0.000000000000000000e+00
5.253996787240000000e+11	4.444730706900000000e+10	0.000000000000000000e+00
5.240727180800000000e+11	4.564437247000000000e+10	0.000000000000000000e+00
5.261641561820000000e+11	5.229693444430000000e+11	0.000000000000000000e+00
5.216639811840000000e+11	4.229611784000000000e+10	0.000000000000000000e+00
5.206496292800000000e+11	5.212416141040000000e+11	0.000000000000000000e+00
4.053781822100000000e+10	2.722327209400000000e+10	0.000000000000000000e+00
5.205458231630000000e+11	5.217994294710000000e+11	0.000000000000000000e+00
4.099785524400000000e+10	3.839891477600000000e+10	0.000000000000000000e+00
4.531315425500000000e+10	5.281032781200000000e+11	0.000000000000000000e+00
5.258688796610000000e+11	4.236926780800000000e+10	0.000000000000000000e+00
3.725619174700000000e+10	4.101252411100000000e+10	0.000000000000000000e+00
4.460989257200000000e+10	3.752080391900000000e+10	0.000000000000000000e+00
4.504155734000000000e+10	5.213970917010000000e+11	0.000000000000000000e+00
4.424469914300000000e+10	5.271837141050000000e+11	0.000000000000000000e+00
4.448952084700000000e+10	5.247575182970000000e+11	0.000000000000000000e+00
5.288642051660000000e+11	5.233103002050000000e+11	0.000000000000000000e+00
3.958667637000000000e+10	5.290728565740000000e+11	0.000000000000000000e+00
5.211804413890000000e+11	5.291959940330000000e+11	0.000000000000000000e+00
5.209343234620000000e+11	4.413680451000000000e+10	0.000000000000000000e+00
5.213031585480000000e+11	4.496051409600000000e+10	0.000000000000000000e+00
3.924313288100000000e+10	4.385543605600000000e+10	0.000000000000000000e+00
4.417686228100000000e+10	3.869212764800000000e+10	0.000000000000000000e+00
4.058491867000000000e+10	3.665008851500000000e+10	0.000000000000000000e+00
4.509510603800000000e+10	5.214325729900000000e+11	0.000000000000000000e+00
5.289514107500000000e+11	3.959220548700000000e+10	0.000000000000000000e+00
5.272323818410000000e+11	5.272930152660000000e+11	0.000000000000000000e+00
4.526132275700000000e+10	5.212357353490000000e+11	0.000000000000000000e+00
5.218003298640000000e+11	1.595188168800000000e+10	0.000000000000000000e+00
5.262526228310000000e+11	5.276971834940000000e+11	0.000000000000000000e+00
2.551890041600000000e+10	5.248979531980000000e+11	0.000000000000000000e+00
5.221708715630000000e+11	5.265536864890000000e+11	0.000000000000000000e+00
5.216693184980000000e+11	4.571544992800000000e+10	0.000000000000000000e+00
2.116577908400000000e+10	5.215890750300000000e+11	0.000000000000000000e+00
3.525952408800000000e+10	5.265149590520000000e+11	0.000000000000000000e+00
5.213698360020000000e+11	5.265755922590000000e+11	0.000000000000000000e+00
4.040715586900000000e+10	4.062905825800000000e+10	0.000000000000000000e+00
4.588519268200000000e+10	5.289872424630000000e+11	0.000000000000000000e+00
5.203217102680000000e+11	3.685878502400000000e+10	0.000000000000000000e+00
5.278044730450000000e+11	2.521372485900000000e+10	0.000000000000000000e+00
5.272068169170000000e+11	5.276136536980000000e+11	0.000000000000000000e+00
5.212600542990000000e+11	5.292796049030000000e+11	0.000000000000000000e+00
5.278797608830000000e+11	5.292778285000000000e+11	0.000000000000000000e+00
4.136205025000000000e+10	1.603923014000000000e+10	0.000000000000000000e+00
4.065482577100000000e+10	5.283233996510000000e+11	0.000000000000000000e+00
3.744583954400000000e+10	5.254126616720000000e+11	0.000000000000000000e+00
5.274356150640000000e+11	5.265719930660000000e+11	1.000000000000000000e+00
5.294311323720000000e+11	5.216874480550000000e+11	0.000000000000000000e+00
5.285379015960000000e+11	5.288778935330000000e+11	0.000000000000000000e+00
5.292629424300000000e+11	2.187773677200000000e+10	0.000000000000000000e+00
4.152733797300000000e+10	4.099747103300000000e+10	0.000000000000000000e+00
4.562414383000000000e+10	4.072976087000000000e+10	0.000000000000000000e+00
5.209621148980000000e+11	5.255810435560000000e+11	1.000000000000000000e+00
2.248465544200000000e+10	5.290899230300000000e+11	0.000000000000000000e+00
5.278853584860000000e+11	4.407340037400000000e+10	0.000000000000000000e+00
4.173111486600000000e+10	4.539714046500000000e+10	0.000000000000000000e+00
4.142681967400000000e+10	4.286630920300000000e+10	0.000000000000000000e+00
5.278233960400000000e+11	4.086203810300000000e+10	0.000000000000000000e+00
5.281876070580000000e+11	5.276589972510000000e+11	0.000000000000000000e+00
5.273003435400000000e+11	5.278163010540000000e+11	0.000000000000000000e+00
5.211284622660000000e+11	3.746959745700000000e+10	0.000000000000000000e+00
4.407397249300000000e+10	3.838559432400000000e+10	1.000000000000000000e+00
5.273513670340000000e+11	5.277452124320000000e+11	0.000000000000000000e+00
5.247539551960000000e+11	5.245769060490000000e+11	0.000000000000000000e+00
5.286490419040000000e+11	5.277490219180000000e+11	1.000000000000000000e+00
4.478808277900000000e+10	4.377898139900000000e+10	0.000000000000000000e+00
4.567588434300000000e+10	5.205565344510000000e+11	0.000000000000000000e+00
4.285721875800000000e+10	5.231702524060000000e+11	0.000000000000000000e+00
4.224124268000000000e+10	4.482314241400000000e+10	0.000000000000000000e+00
5.231377926950000000e+11	1.930018905400000000e+10	0.000000000000000000e+00
3.792887024600000000e+10	5.275588544510000000e+11	0.000000000000000000e+00
3.871051110000000000e+10	5.286844007630000000e+11	0.000000000000000000e+00
5.212031967400000000e+11	5.206001418110000000e+11	1.000000000000000000e+00
3.901944421500000000e+10	5.282895311100000000e+11	0.000000000000000000e+00
4.395347169500000000e+10	5.274865732300000000e+11	0.000000000000000000e+00
5.209541197790000000e+11	4.506225532300000000e+10	0.000000000000000000e+00
5.284228312370000000e+11	5.229231055950000000e+11	0.000000000000000000e+00
5.220073824700000000e+11	5.292277176700000000e+11	0.000000000000000000e+00
5.206857076930000000e+11	4.521186504400000000e+10	0.000000000000000000e+00
5.206956824970000000e+11	4.430024475000000000e+10	0.000000000000000000e+00
5.271596963720000000e+11	4.423461755500000000e+10	0.000000000000000000e+00
5.233073465930000000e+11	5.282385154870000000e+11	0.000000000000000000e+00
3.861573603300000000e+10	5.296674260290000000e+11	0.000000000000000000e+00
5.276738443210000000e+11	5.215869879740000000e+11	0.000000000000000000e+00
5.277030399690000000e+11	4.196179259400000000e+10	0.000000000000000000e+00
3.784994407400000000e+10	4.573132738700000000e+10	0.000000000000000000e+00
1.912403311800000000e+10	4.004404452400000000e+10	0.000000000000000000e+00
5.282509435850000000e+11	5.279138342200000000e+11	0.000000000000000000e+00
3.985629849900000000e+10	5.212629409450000000e+11	0.000000000000000000e+00
4.316611409000000000e+10	4.154481007500000000e+10	0.000000000000000000e+00
4.087432992500000000e+10	5.204168210540000000e+11	0.000000000000000000e+00
5.211826924320000000e+11	4.191176188500000000e+10	0.000000000000000000e+00
5.231612097450000000e+11	3.544376532100000000e+10	0.000000000000000000e+00
4.172645947400000000e+10	5.272721570230000000e+11	0.000000000000000000e+00
5.228875537330000000e+11	5.265750608260000000e+11	0.000000000000000000e+00
3.850588903800000000e+10	4.439164282800000000e+10	0.000000000000000000e+00
5.201824238980000000e+11	5.275884082760000000e+11	0.000000000000000000e+00
1.484411052400000000e+10	5.239639721070000000e+11	0.000000000000000000e+00
4.424421878300000000e+10	5.293362070950000000e+11	0.000000000000000000e+00
4.399840600500000000e+10	2.698137217500000000e+10	0.000000000000000000e+00
5.214816819420000000e+11	5.288533543780000000e+11	0.000000000000000000e+00
4.424709800500000000e+10	5.230242828460000000e+11	0.000000000000000000e+00
5.216483702320000000e+11	1.961010593400000000e+10	0.000000000000000000e+00
5.278799626810000000e+11	4.434852335800000000e+10	0.000000000000000000e+00
4.064903410800000000e+10	4.081161429100000000e+10	0.000000000000000000e+00
5.253235751690000000e+11	5.217527988480000000e+11	0.000000000000000000e+00
5.242726177870000000e+11	5.259176537250000000e+11	0.000000000000000000e+00
4.581516968300000000e+10	5.277025376080000000e+11	1.000000000000000000e+00
4.444640701300000000e+10	4.424279042200000000e+10	1.000000000000000000e+00
3.506278801500000000e+10	5.259271709300000000e+11	1.000000000000000000e+00
4.147919682600000000e+10	4.064732715800000000e+10	0.000000000000000000e+00
5.287455703270000000e+11	5.218628114930000000e+11	0.000000000000000000e+00
4.151424401300000000e+10	5.281928652040000000e+11	0.000000000000000000e+00
5.285064253100000000e+11	5.212746558420000000e+11	0.000000000000000000e+00
5.207201527490000000e+11	5.213570081540000000e+11	0.000000000000000000e+00
5.211485803520000000e+11	5.202549684100000000e+11	0.000000000000000000e+00
5.279051372170000000e+11	5.265552325640000000e+11	0.000000000000000000e+00
5.244466395090000000e+11	5.280278360510000000e+11	0.000000000000000000e+00
5.269178755760000000e+11	5.213710734660000000e+11	0.000000000000000000e+00
4.301708963900000000e+10	5.210200651700000000e+11	0.000000000000000000e+00
5.277632585900000000e+11	5.281773913330000000e+11	0.000000000000000000e+00
4.550860038100000000e+10	4.056730101800000000e+10	1.000000000000000000e+00
5.271814212230000000e+11	5.225591108380000000e+11	0.000000000000000000e+00
4.083753193800000000e+10	3.795290395800000000e+10	1.000000000000000000e+00
4.004798356000000000e+10	5.205785163830000000e+11	0.000000000000000000e+00
5.295036510920000000e+11	5.213890304460000000e+11	0.000000000000000000e+00
3.538509498200000000e+10	5.276003385390000000e+11	0.000000000000000000e+00
5.276083768300000000e+11	4.406816031100000000e+10	0.000000000000000000e+00
5.204396708290000000e+11	1.749575924500000000e+10	0.000000000000000000e+00
4.156728487200000000e+10	5.214952829970000000e+11	0.000000000000000000e+00
4.440503903200000000e+10	4.059069301900000000e+10	0.000000000000000000e+00
2.326567262800000000e+10	4.089712358400000000e+10	0.000000000000000000e+00
5.291417717120000000e+11	5.247599253430000000e+11	0.000000000000000000e+00
5.288602342700000000e+11	5.284273819840000000e+11	0.000000000000000000e+00
4.386824009600000000e+10	5.211408533400000000e+11	0.000000000000000000e+00
5.210775908410000000e+11	4.521835816000000000e+10	0.000000000000000000e+00
4.304248111400000000e+10	4.554444392100000000e+10	0.000000000000000000e+00
5.284414214600000000e+11	3.909522850000000000e+10	0.000000000000000000e+00
4.061792702500000000e+10	5.214939768640000000e+11	0.000000000000000000e+00
3.878313448400000000e+10	5.278230527500000000e+11	0.000000000000000000e+00
3.725703877200000000e+10	5.274000078170000000e+11	1.000000000000000000e+00
5.214606878220000000e+11	5.213957676620000000e+11	1.000000000000000000e+00
3.725703877200000000e+10	3.788869280900000000e+10	1.000000000000000000e+00
5.279958546640000000e+11	5.293362070950000000e+11	1.000000000000000000e+00
5.226784812010000000e+11	4.387919615700000000e+10	0.000000000000000000e+00
5.214039282620000000e+11	5.275270531020000000e+11	0.000000000000000000e+00
5.214039282620000000e+11	4.554444392100000000e+10	0.000000000000000000e+00
5.279958546640000000e+11	5.289592610770000000e+11	1.000000000000000000e+00
5.209490114480000000e+11	5.289872424630000000e+11	0.000000000000000000e+00
3.878313448400000000e+10	5.291543667890000000e+11	0.000000000000000000e+00
3.725703877200000000e+10	5.265556901520000000e+11	1.000000000000000000e+00
5.279958546640000000e+11	5.217527988480000000e+11	0.000000000000000000e+00
5.279958546640000000e+11	5.272881007860000000e+11	0.000000000000000000e+00
3.878313448400000000e+10	5.278380597740000000e+11	0.000000000000000000e+00
5.230189722420000000e+11	5.216483702320000000e+11	0.000000000000000000e+00
3.878313448400000000e+10	5.274429662010000000e+11	0.000000000000000000e+00
3.878313448400000000e+10	5.264887305430000000e+11	0.000000000000000000e+00
5.214039282620000000e+11	5.216970787930000000e+11	0.000000000000000000e+00
3.878313448400000000e+10	5.278971973120000000e+11	0.000000000000000000e+00
5.279958546640000000e+11	5.216693184980000000e+11	0.000000000000000000e+00
5.209490114480000000e+11	2.698137217500000000e+10	0.000000000000000000e+00
3.878313448400000000e+10	5.207059468540000000e+11	0.000000000000000000e+00
3.725703877200000000e+10	5.265168696470000000e+11	0.000000000000000000e+00
3.725703877200000000e+10	5.275179942550000000e+11	0.000000000000000000e+00
3.878313448400000000e+10	5.278233960400000000e+11	0.000000000000000000e+00
5.230189722420000000e+11	5.219267318530000000e+11	1.000000000000000000e+00
5.230198659200000000e+11	4.131779897000000000e+10	0.000000000000000000e+00
5.209490114480000000e+11	5.271208864900000000e+11	0.000000000000000000e+00
5.279958546640000000e+11	5.277025376080000000e+11	1.000000000000000000e+00
3.725703877200000000e+10	4.455374087200000000e+10	0.000000000000000000e+00
3.878313448400000000e+10	1.055767749900000000e+10	1.000000000000000000e+00
3.878313448400000000e+10	5.206600524520000000e+11	0.000000000000000000e+00
5.279958546640000000e+11	5.281695484520000000e+11	0.000000000000000000e+00
5.279958546640000000e+11	5.217511229280000000e+11	0.000000000000000000e+00
3.878313448400000000e+10	5.265114319970000000e+11	1.000000000000000000e+00
5.209490114480000000e+11	5.265755922590000000e+11	0.000000000000000000e+00
5.214039282620000000e+11	5.272930152660000000e+11	0.000000000000000000e+00
5.219284566380000000e+11	5.273260922800000000e+11	0.000000000000000000e+00
5.214039282620000000e+11	5.281773913330000000e+11	0.000000000000000000e+00
3.878313448400000000e+10	5.265036528320000000e+11	0.000000000000000000e+00
5.209490114480000000e+11	5.208620076210000000e+11	0.000000000000000000e+00
5.214039282620000000e+11	4.156728487200000000e+10	0.000000000000000000e+00
3.878313448400000000e+10	4.569536557900000000e+10	0.000000000000000000e+00
5.209490114480000000e+11	1.930018905400000000e+10	0.000000000000000000e+00
5.214039282620000000e+11	4.098023380100000000e+10	0.000000000000000000e+00
4.528114592600000000e+10	3.694131851100000000e+10	0.000000000000000000e+00
3.878313448400000000e+10	4.517994635800000000e+10	1.000000000000000000e+00
3.878313448400000000e+10	4.454960271700000000e+10	1.000000000000000000e+00
5.279958546640000000e+11	5.285597841120000000e+11	0.000000000000000000e+00
3.878313448400000000e+10	5.275884082760000000e+11	0.000000000000000000e+00
3.878313448400000000e+10	5.274672903660000000e+11	1.000000000000000000e+00
5.214039282620000000e+11	4.212658115700000000e+10	0.000000000000000000e+00
5.214039282620000000e+11	5.276701193470000000e+11	0.000000000000000000e+00
3.714853329700000000e+10	5.281773913330000000e+11	0.000000000000000000e+00
3.725703877200000000e+10	4.569536557900000000e+10	0.000000000000000000e+00
5.214039282620000000e+11	5.212323427110000000e+11	0.000000000000000000e+00
5.214039282620000000e+11	5.263992750360000000e+11	0.000000000000000000e+00
3.725703877200000000e+10	3.753954212500000000e+10	1.000000000000000000e+00
3.878313448400000000e+10	4.407330672100000000e+10	1.000000000000000000e+00
3.878313448400000000e+10	5.281682013140000000e+11	1.000000000000000000e+00
5.209490114480000000e+11	5.263992750360000000e+11	0.000000000000000000e+00
5.279958546640000000e+11	5.259006669770000000e+11	1.000000000000000000e+00
5.214039282620000000e+11	5.220948827100000000e+11	0.000000000000000000e+00
5.279958546640000000e+11	5.289454348760000000e+11	0.000000000000000000e+00
5.214039282620000000e+11	5.231210686120000000e+11	0.000000000000000000e+00
5.230189722420000000e+11	5.215890750300000000e+11	0.000000000000000000e+00
5.209490114480000000e+11	5.276459700380000000e+11	0.000000000000000000e+00
3.878313448400000000e+10	5.263381710980000000e+11	0.000000000000000000e+00
5.279958546640000000e+11	5.301888165400000000e+11	0.000000000000000000e+00
5.279958546640000000e+11	5.275542368570000000e+11	0.000000000000000000e+00
5.214039282620000000e+11	4.286630920300000000e+10	0.000000000000000000e+00
5.279958546640000000e+11	5.276544500820000000e+11	0.000000000000000000e+00
5.214039282620000000e+11	5.226397972380000000e+11	0.000000000000000000e+00
5.279958546640000000e+11	5.212243784320000000e+11	0.000000000000000000e+00
5.219284566380000000e+11	5.213061632250000000e+11	0.000000000000000000e+00
4.442229821600000000e+10	1.874484061300000000e+10	0.000000000000000000e+00
4.525624135800000000e+10	4.105156926300000000e+10	0.000000000000000000e+00
5.217046819570000000e+11	4.306448493300000000e+10	0.000000000000000000e+00
3.735189754700000000e+10	4.140334303500000000e+10	0.000000000000000000e+00
5.205396121340000000e+11	5.256800125500000000e+11	1.000000000000000000e+00
5.293427686660000000e+11	4.073084813100000000e+10	0.000000000000000000e+00
5.265755086910000000e+11	4.472865873900000000e+10	1.000000000000000000e+00
1.935439385500000000e+10	5.207141013690000000e+11	0.000000000000000000e+00
4.246010154200000000e+10	5.295186969830000000e+11	0.000000000000000000e+00
5.217846196220000000e+11	5.301442983180000000e+11	0.000000000000000000e+00
5.220948827100000000e+11	4.545506368500000000e+10	0.000000000000000000e+00
5.270877590630000000e+11	5.276544500820000000e+11	1.000000000000000000e+00
5.277792045970000000e+11	5.214133178060000000e+11	0.000000000000000000e+00
5.287634472720000000e+11	3.921496652800000000e+10	0.000000000000000000e+00
4.414323614700000000e+10	4.131178865200000000e+10	0.000000000000000000e+00
5.269665626800000000e+11	1.993903405900000000e+10	0.000000000000000000e+00
4.370206478600000000e+10	3.942814753800000000e+10	1.000000000000000000e+00
5.288184059980000000e+11	5.229648700350000000e+11	0.000000000000000000e+00
4.381885807600000000e+10	5.274366794310000000e+11	0.000000000000000000e+00
4.023378918700000000e+10	5.272626383040000000e+11	0.000000000000000000e+00
5.214821080780000000e+11	5.218006600960000000e+11	0.000000000000000000e+00
5.254011461940000000e+11	4.490681369400000000e+10	0.000000000000000000e+00
5.272974754600000000e+11	5.226397972380000000e+11	0.000000000000000000e+00
5.268884355350000000e+11	4.509414781300000000e+10	0.000000000000000000e+00
5.210151582180000000e+11	4.563586343400000000e+10	1.000000000000000000e+00
5.212421867490000000e+11	4.528554631800000000e+10	0.000000000000000000e+00
5.275721714720000000e+11	5.278734370720000000e+11	0.000000000000000000e+00
5.289391947410000000e+11	5.228083824660000000e+11	0.000000000000000000e+00
5.288614734140000000e+11	4.046683582500000000e+10	1.000000000000000000e+00
4.022417372600000000e+10	5.295507523730000000e+11	0.000000000000000000e+00
4.557412299500000000e+10	5.209490114480000000e+11	0.000000000000000000e+00
5.282741993270000000e+11	5.225833681280000000e+11	0.000000000000000000e+00
4.402560150600000000e+10	5.285194954720000000e+11	0.000000000000000000e+00
5.284762953230000000e+11	5.280015550500000000e+11	0.000000000000000000e+00
4.420543255100000000e+10	1.988734218800000000e+10	0.000000000000000000e+00
3.540158187500000000e+10	5.276734645180000000e+11	0.000000000000000000e+00
3.750528441500000000e+10	5.287224625010000000e+11	0.000000000000000000e+00
4.099031410400000000e+10	5.288809882050000000e+11	1.000000000000000000e+00
1.978035061900000000e+10	5.296302858820000000e+11	0.000000000000000000e+00
4.080267732400000000e+10	5.279716524800000000e+11	0.000000000000000000e+00
4.144091170300000000e+10	2.742723256400000000e+10	0.000000000000000000e+00
3.955611471200000000e+10	4.049591269600000000e+10	1.000000000000000000e+00
3.776341592800000000e+10	5.214809092090000000e+11	1.000000000000000000e+00
5.279348232850000000e+11	5.212243784320000000e+11	0.000000000000000000e+00
3.566074226600000000e+10	5.283608127530000000e+11	0.000000000000000000e+00
4.004989229600000000e+10	5.275179942550000000e+11	0.000000000000000000e+00
5.231552132110000000e+11	5.275610871100000000e+11	0.000000000000000000e+00
5.206930312970000000e+11	5.258717211580000000e+11	0.000000000000000000e+00
5.202526076140000000e+11	4.152946811200000000e+10	0.000000000000000000e+00
4.324943978600000000e+10	5.290490067910000000e+11	0.000000000000000000e+00
4.108949348700000000e+10	5.277342086370000000e+11	0.000000000000000000e+00
4.380632533100000000e+10	3.909088390800000000e+10	0.000000000000000000e+00
4.417700241400000000e+10	5.278622340780000000e+11	0.000000000000000000e+00
4.401138914900000000e+10	5.241142360100000000e+11	0.000000000000000000e+00
5.284176998490000000e+11	4.576618358100000000e+10	0.000000000000000000e+00
4.423964145600000000e+10	4.480465959500000000e+10	1.000000000000000000e+00
5.263960171640000000e+11	5.214321708620000000e+11	0.000000000000000000e+00
4.511547190900000000e+10	5.251529743800000000e+11	0.000000000000000000e+00
5.294817566160000000e+11	4.127946170200000000e+10	0.000000000000000000e+00
4.107467282900000000e+10	5.276201008290000000e+11	0.000000000000000000e+00
4.521324300900000000e+10	4.052361458800000000e+10	0.000000000000000000e+00
5.256887864440000000e+11	5.226221890390000000e+11	1.000000000000000000e+00
5.254137652680000000e+11	4.466554091500000000e+10	0.000000000000000000e+00
5.228639300830000000e+11	5.288826370960000000e+11	0.000000000000000000e+00
4.133030460600000000e+10	5.205449432530000000e+11	0.000000000000000000e+00
4.040108025300000000e+10	2.602993635500000000e+10	0.000000000000000000e+00
3.704288500900000000e+10	5.287920917310000000e+11	0.000000000000000000e+00
4.119415552200000000e+10	5.285171126650000000e+11	0.000000000000000000e+00
5.214360652720000000e+11	5.274851451670000000e+11	0.000000000000000000e+00
5.282086212980000000e+11	5.279493637780000000e+11	1.000000000000000000e+00
5.285345390930000000e+11	5.271846165180000000e+11	0.000000000000000000e+00
4.130999622400000000e+10	3.833873059700000000e+10	1.000000000000000000e+00
5.214495748370000000e+11	3.807157815000000000e+10	0.000000000000000000e+00
2.111482481500000000e+10	5.276590747630000000e+11	0.000000000000000000e+00
4.453401564700000000e+10	4.458463542400000000e+10	0.000000000000000000e+00
5.216687322980000000e+11	5.229072098920000000e+11	0.000000000000000000e+00
5.293615268030000000e+11	5.282192075080000000e+11	0.000000000000000000e+00
5.265613256890000000e+11	4.155194039800000000e+10	0.000000000000000000e+00
4.176715701300000000e+10	5.210608577670000000e+11	0.000000000000000000e+00
5.275885567650000000e+11	5.263381710980000000e+11	0.000000000000000000e+00
5.202901766460000000e+11	5.212323427110000000e+11	1.000000000000000000e+00
4.152733797300000000e+10	4.161507243500000000e+10	0.000000000000000000e+00
4.562414383000000000e+10	4.099747103300000000e+10	0.000000000000000000e+00
5.209621148980000000e+11	4.072976087000000000e+10	1.000000000000000000e+00
2.248465544200000000e+10	5.255810435560000000e+11	0.000000000000000000e+00
5.278853584860000000e+11	5.290899230300000000e+11	1.000000000000000000e+00
4.173111486600000000e+10	4.407340037400000000e+10	0.000000000000000000e+00
4.142681967400000000e+10	4.539714046500000000e+10	0.000000000000000000e+00
3.725703877200000000e+10	5.278380597740000000e+11	0.000000000000000000e+00
3.725703877200000000e+10	5.288467998740000000e+11	0.000000000000000000e+00
5.264518566800000000e+11	3.545539652100000000e+10	0.000000000000000000e+00
3.878313448400000000e+10	5.219113073590000000e+11	0.000000000000000000e+00
5.279958546640000000e+11	5.276142970930000000e+11	0.000000000000000000e+00
5.214039282620000000e+11	1.978035061900000000e+10	0.000000000000000000e+00
5.279958546640000000e+11	3.566074226600000000e+10	0.000000000000000000e+00
5.279958546640000000e+11	5.206231784110000000e+11	0.000000000000000000e+00
3.725703877200000000e+10	2.646763267000000000e+10	0.000000000000000000e+00
5.214039282620000000e+11	5.218628114930000000e+11	0.000000000000000000e+00
5.214039282620000000e+11	4.496051409600000000e+10	0.000000000000000000e+00
3.878313448400000000e+10	5.289014316840000000e+11	0.000000000000000000e+00
5.209490114480000000e+11	4.212658115700000000e+10	0.000000000000000000e+00
5.279958546640000000e+11	5.206163596760000000e+11	0.000000000000000000e+00
3.878313448400000000e+10	5.206711272780000000e+11	1.000000000000000000e+00
5.214039282620000000e+11	4.079580286200000000e+10	0.000000000000000000e+00
5.214039282620000000e+11	5.209343234620000000e+11	0.000000000000000000e+00
3.725703877200000000e+10	1.055767749900000000e+10	1.000000000000000000e+00
5.209490114480000000e+11	4.156728487200000000e+10	0.000000000000000000e+00
3.725703877200000000e+10	5.283446538460000000e+11	0.000000000000000000e+00
5.214039282620000000e+11	4.084425894300000000e+10	0.000000000000000000e+00
5.214039282620000000e+11	5.273318645270000000e+11	0.000000000000000000e+00
3.878313448400000000e+10	5.291493641070000000e+11	1.000000000000000000e+00
5.279958546640000000e+11	5.273003435400000000e+11	0.000000000000000000e+00
3.878313448400000000e+10	5.218829047370000000e+11	1.000000000000000000e+00
5.209490114480000000e+11	3.555984916900000000e+10	0.000000000000000000e+00
5.226784812010000000e+11	4.385209511200000000e+10	0.000000000000000000e+00
5.279958546640000000e+11	3.741915479300000000e+10	0.000000000000000000e+00
5.214606878220000000e+11	4.316611409000000000e+10	0.000000000000000000e+00
3.725703877200000000e+10	5.209413351890000000e+11	0.000000000000000000e+00
5.214039282620000000e+11	5.279282068920000000e+11	0.000000000000000000e+00
3.725703877200000000e+10	5.264943534430000000e+11	0.000000000000000000e+00
5.214039282620000000e+11	5.217046819570000000e+11	0.000000000000000000e+00
5.209490114480000000e+11	5.296674260290000000e+11	0.000000000000000000e+00
5.214039282620000000e+11	5.269178755760000000e+11	0.000000000000000000e+00
5.214039282620000000e+11	1.993903405900000000e+10	0.000000000000000000e+00
5.214039282620000000e+11	4.049591269600000000e+10	0.000000000000000000e+00
5.214039282620000000e+11	5.287920917310000000e+11	0.000000000000000000e+00
5.209490114480000000e+11	4.140517104300000000e+10	0.000000000000000000e+00
5.279958546640000000e+11	3.833873059700000000e+10	0.000000000000000000e+00
5.279958546640000000e+11	5.283233996510000000e+11	0.000000000000000000e+00
3.725703877200000000e+10	5.232225259700000000e+11	0.000000000000000000e+00
3.878313448400000000e+10	5.206930312970000000e+11	1.000000000000000000e+00
3.878313448400000000e+10	4.488722169800000000e+10	0.000000000000000000e+00
3.725703877200000000e+10	5.283282027110000000e+11	0.000000000000000000e+00
3.725703877200000000e+10	5.274748199500000000e+11	0.000000000000000000e+00
4.528114592600000000e+10	5.273260922800000000e+11	0.000000000000000000e+00
3.878313448400000000e+10	4.455374087200000000e+10	0.000000000000000000e+00
5.279958546640000000e+11	5.287440732040000000e+11	0.000000000000000000e+00
5.230189722420000000e+11	5.220334161650000000e+11	1.000000000000000000e+00
5.214039282620000000e+11	5.263524917730000000e+11	0.000000000000000000e+00
3.714853329700000000e+10	5.289872424630000000e+11	0.000000000000000000e+00
5.209490114480000000e+11	4.526132275700000000e+10	0.000000000000000000e+00
5.230189722420000000e+11	5.271208864900000000e+11	0.000000000000000000e+00
5.214606878220000000e+11	5.231612097450000000e+11	0.000000000000000000e+00
5.214039282620000000e+11	4.011115806800000000e+10	0.000000000000000000e+00
5.279958546640000000e+11	5.211154789530000000e+11	0.000000000000000000e+00
3.714853329700000000e+10	5.213061632250000000e+11	1.000000000000000000e+00
4.498652643900000000e+10	5.273260922800000000e+11	0.000000000000000000e+00
5.209490114480000000e+11	4.087432992500000000e+10	0.000000000000000000e+00
5.226784812010000000e+11	5.231612097450000000e+11	0.000000000000000000e+00
4.498652643900000000e+10	5.220334161650000000e+11	0.000000000000000000e+00
3.725703877200000000e+10	5.265149590520000000e+11	0.000000000000000000e+00
3.725703877200000000e+10	5.273245243050000000e+11	1.000000000000000000e+00
5.214039282620000000e+11	5.293697328020000000e+11	0.000000000000000000e+00
4.125892081500000000e+10	3.786612037200000000e+10	0.000000000000000000e+00
4.165296864700000000e+10	5.271968173090000000e+11	0.000000000000000000e+00
4.177836901700000000e+10	5.231110657050000000e+11	0.000000000000000000e+00
5.279459557210000000e+11	4.152193694400000000e+10	1.000000000000000000e+00
8.593802426000000000e+09	5.263992750360000000e+11	0.000000000000000000e+00
1.457866780300000000e+10	4.050528961900000000e+10	0.000000000000000000e+00
2.229538788400000000e+10	5.284538689730000000e+11	0.000000000000000000e+00
4.105387731600000000e+10	5.287494179550000000e+11	0.000000000000000000e+00
5.284250007730000000e+11	4.590665680500000000e+10	0.000000000000000000e+00
3.776433811100000000e+10	4.236900695800000000e+10	0.000000000000000000e+00
3.901077218000000000e+10	4.583144020800000000e+10	0.000000000000000000e+00
4.414635581000000000e+10	5.218493920080000000e+11	0.000000000000000000e+00
5.220460340650000000e+11	5.220334161650000000e+11	0.000000000000000000e+00
4.141735647300000000e+10	4.385209511200000000e+10	0.000000000000000000e+00
5.201084772150000000e+11	5.203256975970000000e+11	0.000000000000000000e+00
5.265607573370000000e+11	2.614820447700000000e+10	0.000000000000000000e+00
5.202724421280000000e+11	5.290057835920000000e+11	0.000000000000000000e+00
4.410120819200000000e+10	5.212442889730000000e+11	0.000000000000000000e+00
4.070582268200000000e+10	4.003547021400000000e+10	0.000000000000000000e+00
4.173165236000000000e+10	5.283646319900000000e+11	0.000000000000000000e+00
4.562466526900000000e+10	5.276480553320000000e+11	0.000000000000000000e+00
4.160794796800000000e+10	3.782204673100000000e+10	0.000000000000000000e+00
3.813654520900000000e+10	5.243121655110000000e+11	0.000000000000000000e+00
5.273150338690000000e+11	4.051521504300000000e+10	0.000000000000000000e+00
2.681785697900000000e+10	4.164411427300000000e+10	0.000000000000000000e+00
5.206159793860000000e+11	4.495361337900000000e+10	0.000000000000000000e+00
5.207916461350000000e+11	4.148315475200000000e+10	0.000000000000000000e+00
5.289014316840000000e+11	5.271204267430000000e+11	0.000000000000000000e+00
4.403025105800000000e+10	4.102166201800000000e+10	0.000000000000000000e+00
3.717310372000000000e+10	4.549677542900000000e+10	0.000000000000000000e+00
5.231210686120000000e+11	5.292404083780000000e+11	0.000000000000000000e+00
4.363246911800000000e+10	5.233806087810000000e+11	0.000000000000000000e+00
4.023441529700000000e+10	5.277653934740000000e+11	0.000000000000000000e+00
4.048904622300000000e+10	5.221964184000000000e+11	0.000000000000000000e+00
3.728867891300000000e+10	4.519637479900000000e+10	0.000000000000000000e+00
4.532595131300000000e+10	4.089508951200000000e+10	0.000000000000000000e+00
5.275542368570000000e+11	5.254114858440000000e+11	0.000000000000000000e+00
1.678062795300000000e+10	5.272212834680000000e+11	0.000000000000000000e+00
4.067416550400000000e+10	5.214005592730000000e+11	0.000000000000000000e+00
5.292046716540000000e+11	4.372357359700000000e+10	0.000000000000000000e+00
4.295073152700000000e+10	4.049959870100000000e+10	0.000000000000000000e+00
5.213181545920000000e+11	4.423210232300000000e+10	1.000000000000000000e+00
5.293945679030000000e+11	5.281286168410000000e+11	0.000000000000000000e+00
5.270710945390000000e+11	5.264746712830000000e+11	0.000000000000000000e+00
4.119811597900000000e+10	4.455402044100000000e+10	0.000000000000000000e+00
5.237873621140000000e+11	5.207800488640000000e+11	0.000000000000000000e+00
2.065128747100000000e+10	2.712898893000000000e+10	0.000000000000000000e+00
5.252954340070000000e+11	5.230920646640000000e+11	0.000000000000000000e+00
5.211032541050000000e+11	5.203800058260000000e+11	0.000000000000000000e+00
3.926805175000000000e+10	5.212457547060000000e+11	0.000000000000000000e+00
5.210950606650000000e+11	5.261933530520000000e+11	0.000000000000000000e+00
4.444849947300000000e+10	5.279949015160000000e+11	0.000000000000000000e+00
3.585131473500000000e+10	4.453117331400000000e+10	0.000000000000000000e+00
3.555984916900000000e+10	5.281183378600000000e+11	0.000000000000000000e+00
4.444239616100000000e+10	3.766962518100000000e+10	0.000000000000000000e+00
4.362303867200000000e+10	5.231717253310000000e+11	0.000000000000000000e+00
1.418721075400000000e+10	4.412143227000000000e+10	1.000000000000000000e+00
4.444672326500000000e+10	4.178634156200000000e+10	0.000000000000000000e+00
4.381813689500000000e+10	4.297142680100000000e+10	0.000000000000000000e+00
5.280930115760000000e+11	4.111851341300000000e+10	0.000000000000000000e+00
5.264753897910000000e+11	5.265155316500000000e+11	0.000000000000000000e+00
5.276701193470000000e+11	4.553395484200000000e+10	0.000000000000000000e+00
5.240002549300000000e+11	1.699476821400000000e+10	0.000000000000000000e+00
3.848766708600000000e+10	5.287440732040000000e+11	0.000000000000000000e+00
5.210740889060000000e+11	3.567205935100000000e+10	0.000000000000000000e+00
5.272881007860000000e+11	5.247576900260000000e+11	0.000000000000000000e+00
2.734527247400000000e+10	5.276979288040000000e+11	0.000000000000000000e+00
5.259006669770000000e+11	5.295205912060000000e+11	0.000000000000000000e+00
5.271606049870000000e+11	4.060599694400000000e+10	0.000000000000000000e+00
4.521877890500000000e+10	5.254114220840000000e+11	0.000000000000000000e+00
5.227501870300000000e+11	1.720028335100000000e+10	0.000000000000000000e+00
5.229958338320000000e+11	5.273691647560000000e+11	0.000000000000000000e+00
5.219267318530000000e+11	5.290810536970000000e+11	0.000000000000000000e+00
1.526847826900000000e+10	4.379930731700000000e+10	1.000000000000000000e+00
5.209748409840000000e+11	4.396408728700000000e+10	0.000000000000000000e+00
5.247960810790000000e+11	5.200420007090000000e+11	1.000000000000000000e+00
5.214423436600000000e+11	3.556845331200000000e+10	0.000000000000000000e+00
5.279794809860000000e+11	5.203899985540000000e+11	0.000000000000000000e+00
3.558299684000000000e+10	2.401752866100000000e+10	0.000000000000000000e+00
4.556710267800000000e+10	5.269414887500000000e+11	0.000000000000000000e+00
4.009636441300000000e+10	4.370276524500000000e+10	0.000000000000000000e+00
4.049726421800000000e+10	5.230923528220000000e+11	1.000000000000000000e+00
4.297148601700000000e+10	5.246647931880000000e+11	0.000000000000000000e+00
5.261706525930000000e+11	5.290782280740000000e+11	0.000000000000000000e+00
5.283693266100000000e+11	5.203812010980000000e+11	0.000000000000000000e+00
2.733417692600000000e+10	5.293561538710000000e+11	0.000000000000000000e+00
3.513011701900000000e+10	3.810665695100000000e+10	0.000000000000000000e+00
4.201538919900000000e+10	5.212222015630000000e+11	0.000000000000000000e+00
1.828341097200000000e+10	3.581844843300000000e+10	1.000000000000000000e+00
5.242704961820000000e+11	5.292160933280000000e+11	0.000000000000000000e+00
4.077487950000000000e+10	5.273305608890000000e+11	0.000000000000000000e+00
4.108016535000000000e+10	4.394069731500000000e+10	0.000000000000000000e+00
5.228155778520000000e+11	4.376233060000000000e+10	0.000000000000000000e+00
5.209293389810000000e+11	5.226921109120000000e+11	0.000000000000000000e+00
5.248082202030000000e+11	5.207631143360000000e+11	1.000000000000000000e+00
5.276459700380000000e+11	1.874484061300000000e+10	0.000000000000000000e+00
4.442229821600000000e+10	4.105156926300000000e+10	0.000000000000000000e+00
4.525624135800000000e+10	4.306448493300000000e+10	0.000000000000000000e+00
5.217046819570000000e+11	4.140334303500000000e+10	1.000000000000000000e+00
3.735189754700000000e+10	5.256800125500000000e+11	0.000000000000000000e+00
5.205396121340000000e+11	4.073084813100000000e+10	0.000000000000000000e+00
5.293427686660000000e+11	4.472865873900000000e+10	1.000000000000000000e+00
5.265755086910000000e+11	5.207141013690000000e+11	0.000000000000000000e+00
1.935439385500000000e+10	5.295186969830000000e+11	0.000000000000000000e+00
4.246010154200000000e+10	5.301442983180000000e+11	0.000000000000000000e+00
5.217846196220000000e+11	4.545506368500000000e+10	0.000000000000000000e+00
5.220948827100000000e+11	5.276544500820000000e+11	0.000000000000000000e+00
5.270877590630000000e+11	5.214133178060000000e+11	0.000000000000000000e+00
5.277792045970000000e+11	3.921496652800000000e+10	0.000000000000000000e+00
5.287634472720000000e+11	5.275270531020000000e+11	0.000000000000000000e+00
4.386597950200000000e+10	4.131178865200000000e+10	0.000000000000000000e+00
4.414323614700000000e+10	1.993903405900000000e+10	0.000000000000000000e+00
5.269665626800000000e+11	3.942814753800000000e+10	0.000000000000000000e+00
5.288184059980000000e+11	5.282863290500000000e+11	0.000000000000000000e+00
5.269658782700000000e+11	5.274366794310000000e+11	1.000000000000000000e+00
4.381885807600000000e+10	5.276245910270000000e+11	0.000000000000000000e+00
4.530160910500000000e+10	5.272626383040000000e+11	0.000000000000000000e+00
4.023378918700000000e+10	5.218006600960000000e+11	1.000000000000000000e+00
5.214821080780000000e+11	4.490681369400000000e+10	0.000000000000000000e+00
5.254011461940000000e+11	5.226397972380000000e+11	0.000000000000000000e+00
5.272974754600000000e+11	4.509414781300000000e+10	0.000000000000000000e+00
5.268884355350000000e+11	4.563586343400000000e+10	0.000000000000000000e+00
5.210151582180000000e+11	4.528554631800000000e+10	0.000000000000000000e+00
5.212421867490000000e+11	5.278734370720000000e+11	1.000000000000000000e+00
5.275721714720000000e+11	5.228083824660000000e+11	0.000000000000000000e+00
5.289391947410000000e+11	5.225504670810000000e+11	0.000000000000000000e+00
5.275374887180000000e+11	4.046683582500000000e+10	0.000000000000000000e+00
4.022417372600000000e+10	5.209490114480000000e+11	0.000000000000000000e+00
4.557412299500000000e+10	5.225833681280000000e+11	0.000000000000000000e+00
4.402560150600000000e+10	5.280015550500000000e+11	0.000000000000000000e+00
5.284762953230000000e+11	1.988734218800000000e+10	0.000000000000000000e+00
3.540158187500000000e+10	5.287224625010000000e+11	0.000000000000000000e+00
3.750528441500000000e+10	5.288809882050000000e+11	0.000000000000000000e+00
4.099031410400000000e+10	5.220536598650000000e+11	0.000000000000000000e+00
4.080267732400000000e+10	5.291260327320000000e+11	0.000000000000000000e+00
2.287852092400000000e+10	2.742723256400000000e+10	0.000000000000000000e+00
4.144091170300000000e+10	4.049591269600000000e+10	0.000000000000000000e+00
3.776341592800000000e+10	5.212243784320000000e+11	0.000000000000000000e+00
3.566074226600000000e+10	5.275179942550000000e+11	0.000000000000000000e+00
4.004989229600000000e+10	5.275610871100000000e+11	0.000000000000000000e+00
5.231552132110000000e+11	5.258717211580000000e+11	0.000000000000000000e+00
5.206930312970000000e+11	4.152946811200000000e+10	0.000000000000000000e+00
5.202526076140000000e+11	5.290490067910000000e+11	0.000000000000000000e+00
4.324943978600000000e+10	5.277342086370000000e+11	0.000000000000000000e+00
4.108949348700000000e+10	5.210465038120000000e+11	0.000000000000000000e+00
5.273306746910000000e+11	3.909088390800000000e+10	0.000000000000000000e+00
4.380632533100000000e+10	5.278622340780000000e+11	0.000000000000000000e+00
4.417700241400000000e+10	5.241142360100000000e+11	0.000000000000000000e+00
4.401138914900000000e+10	4.028470047900000000e+10	0.000000000000000000e+00
5.274318677770000000e+11	4.576618358100000000e+10	0.000000000000000000e+00
5.284176998490000000e+11	4.480465959500000000e+10	0.000000000000000000e+00
4.423964145600000000e+10	5.214321708620000000e+11	0.000000000000000000e+00
5.263960171640000000e+11	5.251529743800000000e+11	0.000000000000000000e+00
5.294817566160000000e+11	5.276201008290000000e+11	1.000000000000000000e+00
4.521324300900000000e+10	5.226221890390000000e+11	0.000000000000000000e+00
5.256887864440000000e+11	4.466554091500000000e+10	0.000000000000000000e+00
5.254137652680000000e+11	5.288826370960000000e+11	0.000000000000000000e+00
5.228639300830000000e+11	5.205449432530000000e+11	0.000000000000000000e+00
3.918871949000000000e+10	2.602993635500000000e+10	1.000000000000000000e+00
5.218199716420000000e+11	5.287920917310000000e+11	0.000000000000000000e+00
3.704288500900000000e+10	5.285171126650000000e+11	0.000000000000000000e+00
4.119415552200000000e+10	5.274851451670000000e+11	0.000000000000000000e+00
5.214360652720000000e+11	5.279493637780000000e+11	0.000000000000000000e+00
5.282086212980000000e+11	5.271846165180000000e+11	0.000000000000000000e+00
4.130999622400000000e+10	3.807157815000000000e+10	0.000000000000000000e+00
5.214495748370000000e+11	5.276590747630000000e+11	0.000000000000000000e+00
2.111482481500000000e+10	4.458463542400000000e+10	0.000000000000000000e+00
5.216687322980000000e+11	5.282192075080000000e+11	0.000000000000000000e+00
5.293615268030000000e+11	4.155194039800000000e+10	0.000000000000000000e+00
5.265613256890000000e+11	4.128469247200000000e+10	0.000000000000000000e+00
4.176715701300000000e+10	5.263381710980000000e+11	0.000000000000000000e+00
5.275885567650000000e+11	5.212323427110000000e+11	0.000000000000000000e+00
5.202901766460000000e+11	4.161507243500000000e+10	0.000000000000000000e+00
5.254649050880000000e+11	5.265153031840000000e+11	0.000000000000000000e+00
5.297027280310000000e+11	4.215403144800000000e+10	0.000000000000000000e+00
5.210377560860000000e+11	5.284382453940000000e+11	1.000000000000000000e+00
4.574450891200000000e+10	1.877785317300000000e+10	1.000000000000000000e+00
3.569997017200000000e+10	5.220613821550000000e+11	0.000000000000000000e+00
4.186520484500000000e+10	5.277530633120000000e+11	0.000000000000000000e+00
5.210985503110000000e+11	5.277215382860000000e+11	0.000000000000000000e+00
4.098023380100000000e+10	5.213061632250000000e+11	1.000000000000000000e+00
3.605255675100000000e+10	5.290601023680000000e+11	0.000000000000000000e+00
5.225885326670000000e+11	5.294094734560000000e+11	0.000000000000000000e+00
4.186469156600000000e+10	5.217511229280000000e+11	0.000000000000000000e+00
1.421732471800000000e+10	4.115863636600000000e+10	0.000000000000000000e+00
4.319148180200000000e+10	4.391698569800000000e+10	0.000000000000000000e+00
5.293697328020000000e+11	4.492568653900000000e+10	0.000000000000000000e+00
5.216970787930000000e+11	4.139811851100000000e+10	0.000000000000000000e+00
4.267661661700000000e+10	3.695656928900000000e+10	0.000000000000000000e+00
5.248865800330000000e+11	4.374705514200000000e+10	0.000000000000000000e+00
4.495554007200000000e+10	5.292610114400000000e+11	1.000000000000000000e+00
5.254142922870000000e+11	4.531275790500000000e+10	0.000000000000000000e+00
4.329026388700000000e+10	4.100858727100000000e+10	0.000000000000000000e+00
5.264149524190000000e+11	5.228364098170000000e+11	0.000000000000000000e+00
4.404257511400000000e+10	5.282196466550000000e+11	0.000000000000000000e+00
5.213102812170000000e+11	4.444730476200000000e+10	0.000000000000000000e+00
5.282380098190000000e+11	5.283924332720000000e+11	0.000000000000000000e+00
5.294809361720000000e+11	4.417902140000000000e+10	1.000000000000000000e+00
5.289592610770000000e+11	5.237654568650000000e+11	0.000000000000000000e+00
4.446938627900000000e+10	4.511717223200000000e+10	1.000000000000000000e+00
1.849665321200000000e+10	5.289454348760000000e+11	0.000000000000000000e+00
1.439446937700000000e+10	4.067183963800000000e+10	0.000000000000000000e+00
4.066084897800000000e+10	5.273647322010000000e+11	0.000000000000000000e+00
5.215942680470000000e+11	2.718668007200000000e+10	0.000000000000000000e+00
5.215082274660000000e+11	5.280619151020000000e+11	0.000000000000000000e+00
5.273475029500000000e+11	1.426285588200000000e+10	0.000000000000000000e+00
4.011115806800000000e+10	1.991934029100000000e+10	0.000000000000000000e+00
5.211012607320000000e+11	5.228433731590000000e+11	1.000000000000000000e+00
5.283710061010000000e+11	3.626308717000000000e+10	0.000000000000000000e+00
5.280734401750000000e+11	5.262552130870000000e+11	0.000000000000000000e+00
5.212021014130000000e+11	4.562739611800000000e+10	1.000000000000000000e+00
4.395214984800000000e+10	4.376491875000000000e+10	0.000000000000000000e+00
5.228132478360000000e+11	5.212067395270000000e+11	0.000000000000000000e+00
4.041694579600000000e+10	4.199195241500000000e+10	1.000000000000000000e+00
5.256237110500000000e+11	4.562373727900000000e+10	0.000000000000000000e+00
5.282322810040000000e+11	4.068401911700000000e+10	0.000000000000000000e+00
2.207821903600000000e+10	4.151535180700000000e+10	0.000000000000000000e+00
3.735048470000000000e+10	5.277102278150000000e+11	0.000000000000000000e+00
5.226626303580000000e+11	5.277690257380000000e+11	0.000000000000000000e+00
4.517745386100000000e+10	4.395548027500000000e+10	0.000000000000000000e+00
5.207185560440000000e+11	4.040639506500000000e+10	0.000000000000000000e+00
4.522104578300000000e+10	3.824244022800000000e+10	0.000000000000000000e+00
5.211883433210000000e+11	4.164267115100000000e+10	0.000000000000000000e+00
4.140517104300000000e+10	1.667210986600000000e+10	0.000000000000000000e+00
5.274009195390000000e+11	4.396037970200000000e+10	1.000000000000000000e+00
5.287823884950000000e+11	5.279892437070000000e+11	0.000000000000000000e+00
4.501045535000000000e+10	5.242847349820000000e+11	0.000000000000000000e+00
5.279958546640000000e+11	5.241083839790000000e+11	0.000000000000000000e+00
5.276142970930000000e+11	4.572122711800000000e+10	0.000000000000000000e+00
5.222281466090000000e+11	4.550889693900000000e+10	0.000000000000000000e+00
5.283390453640000000e+11	4.549207974700000000e+10	0.000000000000000000e+00
3.753605495100000000e+10	3.777139785500000000e+10	0.000000000000000000e+00
1.979813623100000000e+10	5.214532228340000000e+11	0.000000000000000000e+00
4.009467236200000000e+10	4.461868430300000000e+10	0.000000000000000000e+00
5.290157144370000000e+11	5.273448069990000000e+11	0.000000000000000000e+00
5.234000457710000000e+11	5.284077807590000000e+11	0.000000000000000000e+00
5.261336554960000000e+11	5.220674412960000000e+11	0.000000000000000000e+00
5.208469157260000000e+11	5.280104801430000000e+11	0.000000000000000000e+00
5.248050101150000000e+11	5.228049034510000000e+11	0.000000000000000000e+00
5.211154789530000000e+11	2.671610058500000000e+10	1.000000000000000000e+00
5.301888165400000000e+11	4.439193384700000000e+10	0.000000000000000000e+00
5.219141196500000000e+11	5.225559536610000000e+11	0.000000000000000000e+00
5.211909555510000000e+11	5.289602413660000000e+11	0.000000000000000000e+00
5.295219590700000000e+11	5.244626380010000000e+11	0.000000000000000000e+00
5.251166097230000000e+11	4.006248280600000000e+10	0.000000000000000000e+00
5.218999563590000000e+11	5.242782574690000000e+11	0.000000000000000000e+00
5.253096659670000000e+11	5.237947530670000000e+11	0.000000000000000000e+00
5.274038270300000000e+11	4.387919615700000000e+10	0.000000000000000000e+00
2.013309416900000000e+10	5.211978454150000000e+11	0.000000000000000000e+00
5.291407461670000000e+11	4.092897845100000000e+10	0.000000000000000000e+00
5.213361266180000000e+11	4.035791930300000000e+10	1.000000000000000000e+00
4.561752363000000000e+10	4.139767638600000000e+10	0.000000000000000000e+00
4.129354483800000000e+10	1.713065706500000000e+10	1.000000000000000000e+00
4.089717115900000000e+10	4.514155064700000000e+10	0.000000000000000000e+00
5.216031497760000000e+11	5.286301300820000000e+11	0.000000000000000000e+00
5.219284566380000000e+11	4.418386457700000000e+10	0.000000000000000000e+00
4.413221865500000000e+10	4.055084809300000000e+10	0.000000000000000000e+00
5.284297116120000000e+11	5.226367353740000000e+11	0.000000000000000000e+00
4.080110149900000000e+10	4.564694012100000000e+10	0.000000000000000000e+00
5.214816247220000000e+11	5.261494269500000000e+11	0.000000000000000000e+00
4.049999062300000000e+10	5.296326072640000000e+11	0.000000000000000000e+00
4.121987473600000000e+10	5.272934905560000000e+11	0.000000000000000000e+00
4.515658940600000000e+10	4.555947556500000000e+10	0.000000000000000000e+00
5.225610428130000000e+11	5.294448031330000000e+11	0.000000000000000000e+00
5.263524917730000000e+11	3.572295654600000000e+10	0.000000000000000000e+00
4.375378456600000000e+10	5.214340845270000000e+11	0.000000000000000000e+00
5.226455645390000000e+11	5.214982281380000000e+11	0.000000000000000000e+00
5.212437419760000000e+11	4.411764607300000000e+10	0.000000000000000000e+00
5.296860385790000000e+11	2.589589254700000000e+10	0.000000000000000000e+00
4.098113949000000000e+10	4.491744468100000000e+10	0.000000000000000000e+00
5.281733314150000000e+11	5.230522281670000000e+11	0.000000000000000000e+00
4.127315986500000000e+10	5.269442125600000000e+11	0.000000000000000000e+00
4.214715293600000000e+10	4.015804220200000000e+10	0.000000000000000000e+00
3.726460993100000000e+10	3.979466942400000000e+10	0.000000000000000000e+00
5.237524739760000000e+11	5.210406603480000000e+11	0.000000000000000000e+00
4.419774878900000000e+10	5.284783714150000000e+11	0.000000000000000000e+00
5.279784815870000000e+11	5.274280210940000000e+11	0.000000000000000000e+00
5.292998558590000000e+11	5.230346248530000000e+11	0.000000000000000000e+00
5.274447433600000000e+11	5.293365914800000000e+11	0.000000000000000000e+00
4.541948579100000000e+10	5.229608068120000000e+11	0.000000000000000000e+00
4.404212351300000000e+10	5.213957676620000000e+11	0.000000000000000000e+00
4.473202191200000000e+10	5.229730445980000000e+11	0.000000000000000000e+00
5.291560215350000000e+11	3.545425522700000000e+10	0.000000000000000000e+00
5.276131501110000000e+11	3.999176880000000000e+10	0.000000000000000000e+00
5.273253093890000000e+11	4.022235265000000000e+10	0.000000000000000000e+00
4.355589392000000000e+10	5.208620076210000000e+11	0.000000000000000000e+00
5.252747879220000000e+11	5.261493813520000000e+11	0.000000000000000000e+00
3.527216207100000000e+10	4.397709129400000000e+10	0.000000000000000000e+00
5.274772753720000000e+11	5.277478243510000000e+11	0.000000000000000000e+00
5.218231801490000000e+11	5.273902947850000000e+11	0.000000000000000000e+00
5.242440710600000000e+11	4.131512272500000000e+10	0.000000000000000000e+00
5.207324181230000000e+11	5.233844829870000000e+11	0.000000000000000000e+00
4.522773507200000000e+10	5.226665432720000000e+11	0.000000000000000000e+00
4.112906688800000000e+10	5.208493080300000000e+11	0.000000000000000000e+00
5.231840586470000000e+11	5.281695484520000000e+11	0.000000000000000000e+00
3.895689270000000000e+10	1.893819393200000000e+10	0.000000000000000000e+00
5.295142266040000000e+11	4.176428117100000000e+10	0.000000000000000000e+00
5.282701999440000000e+11	4.482674285900000000e+10	0.000000000000000000e+00
1.819591039600000000e+10	5.265113660000000000e+11	0.000000000000000000e+00
5.230039416360000000e+11	5.301686010670000000e+11	0.000000000000000000e+00
5.214617329510000000e+11	1.941343301900000000e+10	0.000000000000000000e+00
5.216078912380000000e+11	5.274811895860000000e+11	0.000000000000000000e+00
5.208134221340000000e+11	4.126726471200000000e+10	0.000000000000000000e+00
5.230715820580000000e+11	4.109113517800000000e+10	0.000000000000000000e+00
5.273318645270000000e+11	4.365390256500000000e+10	0.000000000000000000e+00
4.005462728300000000e+10	5.281749629890000000e+11	0.000000000000000000e+00
1.951675472700000000e+10	5.273047611830000000e+11	0.000000000000000000e+00
5.204349146080000000e+11	4.194253059300000000e+10	0.000000000000000000e+00
5.210839221830000000e+11	4.401120515700000000e+10	1.000000000000000000e+00
4.000929079000000000e+10	5.283596368730000000e+11	0.000000000000000000e+00
1.650591186700000000e+10	5.226455077890000000e+11	0.000000000000000000e+00
4.361310430900000000e+10	5.217179784080000000e+11	0.000000000000000000e+00
5.204583599130000000e+11	4.028809253300000000e+10	0.000000000000000000e+00
4.572729514800000000e+10	5.216955613920000000e+11	0.000000000000000000e+00
5.203583709640000000e+11	5.276153138730000000e+11	0.000000000000000000e+00
1.410896176900000000e+10	4.331912430500000000e+10	0.000000000000000000e+00
5.281873557310000000e+11	5.212723365570000000e+11	0.000000000000000000e+00
5.216313996400000000e+11	5.241792812680000000e+11	0.000000000000000000e+00
4.535658601700000000e+10	5.282858016370000000e+11	0.000000000000000000e+00
5.284593121130000000e+11	4.412512392200000000e+10	0.000000000000000000e+00
1.789790655500000000e+10	4.027266260000000000e+10	0.000000000000000000e+00
5.220487088030000000e+11	5.264541880000000000e+11	0.000000000000000000e+00
4.024075661600000000e+10	5.274590842060000000e+11	0.000000000000000000e+00
5.296863500810000000e+11	4.103802022200000000e+10	0.000000000000000000e+00
4.088288088700000000e+10	4.438153434200000000e+10	0.000000000000000000e+00
5.265639740690000000e+11	2.198372351000000000e+10	0.000000000000000000e+00
3.569580349800000000e+10	5.294513964500000000e+11	0.000000000000000000e+00
5.257421434450000000e+11	5.283820574660000000e+11	0.000000000000000000e+00
5.292061385450000000e+11	3.545539652100000000e+10	0.000000000000000000e+00
4.212658115700000000e+10	4.162843810100000000e+10	0.000000000000000000e+00
5.262042689770000000e+11	1.936354952100000000e+10	0.000000000000000000e+00
3.915381774700000000e+10	4.068615889900000000e+10	0.000000000000000000e+00
4.109843600500000000e+10	5.281435227770000000e+11	0.000000000000000000e+00
4.108923308600000000e+10	5.271208864900000000e+11	0.000000000000000000e+00
5.208771066950000000e+11	4.519312698800000000e+10	0.000000000000000000e+00
5.228422065130000000e+11	3.881244213900000000e+10	1.000000000000000000e+00
5.218033069880000000e+11	5.271376069700000000e+11	0.000000000000000000e+00
4.361584970900000000e+10	4.106851649100000000e+10	1.000000000000000000e+00
5.203210441390000000e+11	5.265530826530000000e+11	0.000000000000000000e+00
4.519408781900000000e+10	5.274244210340000000e+11	0.000000000000000000e+00
4.244941426100000000e+10	4.136869265500000000e+10	0.000000000000000000e+00
5.272710256870000000e+11	5.285597841120000000e+11	0.000000000000000000e+00
5.213561686010000000e+11	5.273762311970000000e+11	0.000000000000000000e+00
5.283839829700000000e+11	4.535566428100000000e+10	0.000000000000000000e+00
3.748561666000000000e+10	5.219038982290000000e+11	1.000000000000000000e+00
4.360880816300000000e+10	5.284203426800000000e+11	0.000000000000000000e+00
5.281079667160000000e+11	5.225771495080000000e+11	0.000000000000000000e+00
5.213650088470000000e+11	5.273260922800000000e+11	0.000000000000000000e+00
3.914810049600000000e+10	5.226030317860000000e+11	0.000000000000000000e+00
4.103317645300000000e+10	5.286872280940000000e+11	0.000000000000000000e+00
5.294053853480000000e+11	5.275396162050000000e+11	1.000000000000000000e+00
5.278230527500000000e+11	5.220969729520000000e+11	0.000000000000000000e+00
4.440165912700000000e+10	4.490432385600000000e+10	0.000000000000000000e+00
5.242443478270000000e+11	5.220546759490000000e+11	0.000000000000000000e+00
4.373280951000000000e+10	5.218051226260000000e+11	0.000000000000000000e+00
1.738038387600000000e+10	5.256775355030000000e+11	0.000000000000000000e+00
5.289005961700000000e+11	4.035795895300000000e+10	0.000000000000000000e+00
4.279765471700000000e+10	5.241831160480000000e+11	0.000000000000000000e+00
4.110342829700000000e+10	3.912589031600000000e+10	0.000000000000000000e+00
5.273802986760000000e+11	5.200510513800000000e+11	1.000000000000000000e+00
2.026287731700000000e+10	5.265717283960000000e+11	0.000000000000000000e+00
5.263037363900000000e+11	4.060899124700000000e+10	0.000000000000000000e+00
5.282862292010000000e+11	5.271849462250000000e+11	0.000000000000000000e+00
4.455049863700000000e+10	4.517745425000000000e+10	0.000000000000000000e+00
5.212493709920000000e+11	5.221908455610000000e+11	0.000000000000000000e+00
1.977992721900000000e+10	5.290592757190000000e+11	0.000000000000000000e+00
5.282387132220000000e+11	5.280053153800000000e+11	1.000000000000000000e+00
5.210711792980000000e+11	5.274585000520000000e+11	0.000000000000000000e+00
1.765708561300000000e+10	4.131779897000000000e+10	0.000000000000000000e+00
1.920362182800000000e+10	4.368545556100000000e+10	0.000000000000000000e+00
5.293975214030000000e+11	9.288097900000000000e+09	0.000000000000000000e+00
5.301525908520000000e+11	3.752972406300000000e+10	1.000000000000000000e+00
4.409482295000000000e+10	4.444730706900000000e+10	0.000000000000000000e+00
5.240727180800000000e+11	4.526094238800000000e+10	0.000000000000000000e+00
5.261641561820000000e+11	4.564437247000000000e+10	0.000000000000000000e+00
5.216639811840000000e+11	5.229693444430000000e+11	0.000000000000000000e+00
5.206496292800000000e+11	4.229611784000000000e+10	0.000000000000000000e+00
4.073837683400000000e+10	5.212416141040000000e+11	1.000000000000000000e+00
4.053781822100000000e+10	4.009757616900000000e+10	1.000000000000000000e+00
5.205458231630000000e+11	3.741915479300000000e+10	1.000000000000000000e+00
4.099785524400000000e+10	5.217994294710000000e+11	0.000000000000000000e+00
4.531315425500000000e+10	3.839891477600000000e+10	0.000000000000000000e+00
5.258688796610000000e+11	5.281032781200000000e+11	1.000000000000000000e+00
3.725619174700000000e+10	4.236926780800000000e+10	1.000000000000000000e+00
4.460989257200000000e+10	4.101252411100000000e+10	0.000000000000000000e+00
4.504155734000000000e+10	3.752080391900000000e+10	0.000000000000000000e+00
5.287392297270000000e+11	5.213970917010000000e+11	0.000000000000000000e+00
4.424469914300000000e+10	5.274147562800000000e+11	0.000000000000000000e+00
4.448952084700000000e+10	5.271837141050000000e+11	0.000000000000000000e+00
5.288642051660000000e+11	5.247575182970000000e+11	0.000000000000000000e+00
3.958667637000000000e+10	5.233103002050000000e+11	0.000000000000000000e+00
5.211804413890000000e+11	5.290728565740000000e+11	0.000000000000000000e+00
5.209343234620000000e+11	5.291959940330000000e+11	0.000000000000000000e+00
5.213031585480000000e+11	4.413680451000000000e+10	0.000000000000000000e+00
3.924313288100000000e+10	4.496051409600000000e+10	1.000000000000000000e+00
4.417686228100000000e+10	4.385543605600000000e+10	0.000000000000000000e+00
4.058491867000000000e+10	3.869212764800000000e+10	0.000000000000000000e+00
4.509510603800000000e+10	3.665008851500000000e+10	1.000000000000000000e+00
5.289514107500000000e+11	5.214325729900000000e+11	0.000000000000000000e+00
5.272323818410000000e+11	3.959220548700000000e+10	1.000000000000000000e+00
4.526132275700000000e+10	5.220670864080000000e+11	0.000000000000000000e+00
4.169289481100000000e+10	5.212357353490000000e+11	0.000000000000000000e+00
5.262526228310000000e+11	1.595188168800000000e+10	0.000000000000000000e+00
2.551890041600000000e+10	5.276971834940000000e+11	1.000000000000000000e+00
5.216693184980000000e+11	5.265536864890000000e+11	0.000000000000000000e+00
2.116577908400000000e+10	4.571544992800000000e+10	1.000000000000000000e+00
3.525952408800000000e+10	5.215890750300000000e+11	0.000000000000000000e+00
5.203217102680000000e+11	5.289872424630000000e+11	1.000000000000000000e+00
5.278044730450000000e+11	3.685878502400000000e+10	0.000000000000000000e+00
5.272068169170000000e+11	2.521372485900000000e+10	0.000000000000000000e+00
5.278797608830000000e+11	5.292796049030000000e+11	0.000000000000000000e+00
4.136205025000000000e+10	5.292778285000000000e+11	0.000000000000000000e+00
4.065482577100000000e+10	1.603923014000000000e+10	0.000000000000000000e+00
3.744583954400000000e+10	5.283233996510000000e+11	1.000000000000000000e+00
5.274356150640000000e+11	5.254126616720000000e+11	0.000000000000000000e+00
5.294311323720000000e+11	5.265719930660000000e+11	1.000000000000000000e+00
5.285379015960000000e+11	5.216874480550000000e+11	0.000000000000000000e+00
2.719844843400000000e+10	5.288778935330000000e+11	0.000000000000000000e+00
5.292629424300000000e+11	5.217208310890000000e+11	1.000000000000000000e+00
5.280552862700000000e+11	2.187773677200000000e+10	0.000000000000000000e+00
5.284297116120000000e+11	4.440258444800000000e+10	1.000000000000000000e+00
4.080110149900000000e+10	5.226367353740000000e+11	0.000000000000000000e+00
5.214816247220000000e+11	4.564694012100000000e+10	0.000000000000000000e+00
4.049999062300000000e+10	5.261494269500000000e+11	0.000000000000000000e+00
3.541607394200000000e+10	5.296326072640000000e+11	0.000000000000000000e+00
4.121987473600000000e+10	3.772915383100000000e+10	0.000000000000000000e+00
4.515658940600000000e+10	5.272934905560000000e+11	0.000000000000000000e+00
5.225610428130000000e+11	4.555947556500000000e+10	0.000000000000000000e+00
5.214039282620000000e+11	5.276459700380000000e+11	0.000000000000000000e+00
3.878313448400000000e+10	5.265556901520000000e+11	0.000000000000000000e+00
5.214039282620000000e+11	4.015804220200000000e+10	0.000000000000000000e+00
3.878313448400000000e+10	5.290596191840000000e+11	0.000000000000000000e+00
5.279958546640000000e+11	3.881244213900000000e+10	0.000000000000000000e+00
5.214039282620000000e+11	1.961010593400000000e+10	0.000000000000000000e+00
5.230189722420000000e+11	5.289872424630000000e+11	0.000000000000000000e+00
5.264518566800000000e+11	4.244941426100000000e+10	0.000000000000000000e+00
3.725703877200000000e+10	5.278567107140000000e+11	1.000000000000000000e+00
5.209490114480000000e+11	4.127946170200000000e+10	0.000000000000000000e+00
5.214039282620000000e+11	5.214005592730000000e+11	0.000000000000000000e+00
3.725703877200000000e+10	5.282161608830000000e+11	0.000000000000000000e+00
5.279958546640000000e+11	4.572122711800000000e+10	1.000000000000000000e+00
5.279958546640000000e+11	4.561752363000000000e+10	0.000000000000000000e+00
3.725703877200000000e+10	5.219113073590000000e+11	0.000000000000000000e+00
5.226456197060000000e+11	5.269372856160000000e+11	0.000000000000000000e+00
3.725703877200000000e+10	4.522970960200000000e+10	0.000000000000000000e+00
3.878313448400000000e+10	4.514302142200000000e+10	1.000000000000000000e+00
5.209490114480000000e+11	5.213061632250000000e+11	0.000000000000000000e+00
3.725703877200000000e+10	5.278230527500000000e+11	0.000000000000000000e+00
3.878313448400000000e+10	5.290753054350000000e+11	0.000000000000000000e+00
5.214039282620000000e+11	5.212416141040000000e+11	0.000000000000000000e+00
3.878313448400000000e+10	5.219055104370000000e+11	1.000000000000000000e+00
5.214039282620000000e+11	5.220674412960000000e+11	0.000000000000000000e+00
3.714853329700000000e+10	5.208620076210000000e+11	0.000000000000000000e+00
3.725703877200000000e+10	5.274672903660000000e+11	0.000000000000000000e+00
3.878313448400000000e+10	5.275184543870000000e+11	1.000000000000000000e+00
3.878313448400000000e+10	5.209413351890000000e+11	0.000000000000000000e+00
4.498652643900000000e+10	5.289872424630000000e+11	0.000000000000000000e+00
3.725703877200000000e+10	5.273089264930000000e+11	1.000000000000000000e+00
5.279958546640000000e+11	4.582210489100000000e+10	1.000000000000000000e+00
5.279958546640000000e+11	4.080267732400000000e+10	0.000000000000000000e+00
3.878313448400000000e+10	5.278567107140000000e+11	1.000000000000000000e+00
5.214039282620000000e+11	5.217179784080000000e+11	0.000000000000000000e+00
3.725703877200000000e+10	1.253172004700000000e+10	1.000000000000000000e+00
3.725703877200000000e+10	4.509747077800000000e+10	1.000000000000000000e+00
5.214039282620000000e+11	3.766962518100000000e+10	0.000000000000000000e+00
4.498652643900000000e+10	5.215890750300000000e+11	0.000000000000000000e+00
3.714853329700000000e+10	5.231210686120000000e+11	0.000000000000000000e+00
5.226784812010000000e+11	4.169289481100000000e+10	0.000000000000000000e+00
5.230198659200000000e+11	5.225559536610000000e+11	0.000000000000000000e+00
5.209490114480000000e+11	5.231210686120000000e+11	0.000000000000000000e+00
5.214039282620000000e+11	4.060599694400000000e+10	0.000000000000000000e+00
3.878313448400000000e+10	5.273964655270000000e+11	1.000000000000000000e+00
5.230189722420000000e+11	5.273260922800000000e+11	0.000000000000000000e+00
5.279958546640000000e+11	3.752972406300000000e+10	0.000000000000000000e+00
3.878313448400000000e+10	5.247960810790000000e+11	0.000000000000000000e+00
3.725703877200000000e+10	5.291493641070000000e+11	1.000000000000000000e+00
5.214039282620000000e+11	4.140517104300000000e+10	1.000000000000000000e+00
3.878313448400000000e+10	4.560153413700000000e+10	0.000000000000000000e+00
5.214039282620000000e+11	5.276589972510000000e+11	0.000000000000000000e+00
5.214039282620000000e+11	5.204396708290000000e+11	0.000000000000000000e+00
5.214039282620000000e+11	4.127946170200000000e+10	1.000000000000000000e+00
3.725703877200000000e+10	5.263381710980000000e+11	0.000000000000000000e+00
5.214606878220000000e+11	4.395347169500000000e+10	1.000000000000000000e+00
5.209490114480000000e+11	5.217046819570000000e+11	0.000000000000000000e+00
3.878313448400000000e+10	2.646763267000000000e+10	0.000000000000000000e+00
3.878313448400000000e+10	3.763227024200000000e+10	1.000000000000000000e+00
3.878313448400000000e+10	3.788203008000000000e+10	1.000000000000000000e+00
5.209490114480000000e+11	5.269178755760000000e+11	0.000000000000000000e+00
5.279958546640000000e+11	5.294311323720000000e+11	0.000000000000000000e+00
3.878313448400000000e+10	5.288467998740000000e+11	0.000000000000000000e+00
3.878313448400000000e+10	5.282161608830000000e+11	0.000000000000000000e+00
5.279958546640000000e+11	5.265755086910000000e+11	1.000000000000000000e+00
5.214039282620000000e+11	5.220670864080000000e+11	0.000000000000000000e+00
3.725703877200000000e+10	5.210637437420000000e+11	0.000000000000000000e+00
3.878313448400000000e+10	5.274761158090000000e+11	0.000000000000000000e+00
3.725703877200000000e+10	3.763227024200000000e+10	1.000000000000000000e+00
3.725703877200000000e+10	4.488722169800000000e+10	0.000000000000000000e+00
3.725703877200000000e+10	4.514302142200000000e+10	1.000000000000000000e+00
3.725703877200000000e+10	5.291543667890000000e+11	0.000000000000000000e+00
5.209490114480000000e+11	5.281773913330000000e+11	0.000000000000000000e+00
3.878313448400000000e+10	4.003547021400000000e+10	0.000000000000000000e+00
5.214039282620000000e+11	5.208620076210000000e+11	0.000000000000000000e+00
3.694131851100000000e+10	5.273260922800000000e+11	0.000000000000000000e+00
3.725703877200000000e+10	5.282560113660000000e+11	0.000000000000000000e+00
3.725703877200000000e+10	5.274761158090000000e+11	0.000000000000000000e+00
5.279958546640000000e+11	5.287224625010000000e+11	0.000000000000000000e+00
5.214039282620000000e+11	2.698137217500000000e+10	0.000000000000000000e+00
5.209490114480000000e+11	1.526847826900000000e+10	0.000000000000000000e+00
5.226784812010000000e+11	5.278044730450000000e+11	0.000000000000000000e+00
5.214039282620000000e+11	1.749575924500000000e+10	0.000000000000000000e+00
5.214039282620000000e+11	4.081161429100000000e+10	0.000000000000000000e+00
